line([126.9,126.9],[126.9,108.1],0.3,linewidth);
line([126.9,108.1],[117.5,108.1],0.3,linewidth);
line([117.5,108.1],[108.1,108.1],0.3,linewidth);
line([108.1,108.1],[108.1,126.9],0.3,linewidth);
line([107.7,127.3
],[127.3,127.3],0.3,linewidth);
line([127.3,127.3],[127.3,107.7],0.3,linewidth);
line([127.3,107.7],[117.5,107.7],0.3,linewidth);
line([117.5,107.7],[107.7,107.7],0.3,linewidth);
line([107.7,107.7],[107.7,127.3],0.3,linewidth);
line([108.46,126.54
],[126.54,126.54],0.3,linewidth);
line([126.54,126.54],[126.54,117.5],0.3,linewidth);
line([126.54,117.5],[126.54,108.46],0.3,linewidth);
line([126.54,108.46],[108.46,108.46],0.3,linewidth);
line([108.46,108.46],[108.46,126.54],0.3,linewidth);
line([108.803,126.339
],[108.659,126.195],0.3,linewidth);
line([108.659,125.63
],[109.368,126.339],0.3,linewidth);
line([109.934,126.339
],[108.659,125.064],0.3,linewidth);
line([108.659,124.498
],[110.5,126.339],0.3,linewidth);
line([111.065,126.339
],[108.659,123.933],0.3,linewidth);
line([108.659,123.367
],[111.631,126.339],0.3,linewidth);
line([112.197,126.339
],[108.659,122.801],0.3,linewidth);
line([108.659,122.236
],[112.763,126.339],0.3,linewidth);
line([113.328,126.339
],[108.659,121.67],0.3,linewidth);
line([108.659,121.104
],[113.894,126.339],0.3,linewidth);
line([114.46,126.339
],[108.659,120.539],0.3,linewidth);
line([108.659,119.973
],[115.025,126.339],0.3,linewidth);
line([115.591,126.339
],[108.659,119.407],0.3,linewidth);
line([108.659,118.842
],[116.157,126.339],0.3,linewidth);
line([116.722,126.339
],[108.659,118.276],0.3,linewidth);
line([108.659,117.71
],[117.288,126.339],0.3,linewidth);
line([117.854,126.339
],[108.659,117.144],0.3,linewidth);
line([108.659,116.579
],[118.419,126.339],0.3,linewidth);
line([118.985,126.339
],[108.659,116.013],0.3,linewidth);
line([108.659,115.447
],[119.551,126.339],0.3,linewidth);
line([120.116,126.339
],[108.659,114.882],0.3,linewidth);
line([108.659,114.316
],[120.682,126.339],0.3,linewidth);
line([121.248,126.339
],[108.659,113.75],0.3,linewidth);
line([108.659,113.185
],[121.813,126.339],0.3,linewidth);
line([122.379,126.339
],[108.659,112.619],0.3,linewidth);
line([108.659,112.053
],[122.945,126.339],0.3,linewidth);
line([123.511,126.339
],[108.659,111.488],0.3,linewidth);
line([108.659,110.922
],[124.076,126.339],0.3,linewidth);
line([124.642,126.339
],[108.659,110.356],0.3,linewidth);
line([108.659,109.791
],[125.208,126.339],0.3,linewidth);
line([125.773,126.339
],[108.659,109.225],0.3,linewidth);
line([108.659,108.659
],[126.339,126.339],0.3,linewidth);
line([126.339,125.773
],[109.226,108.66],0.3,linewidth);
line([109.791,108.66
],[126.339,125.208],0.3,linewidth);
line([126.339,124.642
],[110.357,108.66],0.3,linewidth);
line([110.923,108.66
],[126.339,124.076],0.3,linewidth);
line([126.339,123.511
],[111.488,108.66],0.3,linewidth);
line([112.054,108.66
],[126.339,122.945],0.3,linewidth);
line([126.339,122.379
],[112.62,108.66],0.3,linewidth);
line([113.185,108.66
],[126.339,121.813],0.3,linewidth);
line([126.339,121.248
],[113.751,108.66],0.3,linewidth);
line([114.317,108.66
],[126.339,120.682],0.3,linewidth);
line([126.339,120.116
],[114.882,108.66],0.3,linewidth);
line([115.448,108.66
],[126.339,119.551],0.3,linewidth);
line([126.339,118.985
],[116.014,108.66],0.3,linewidth);
line([116.579,108.66
],[126.339,118.419],0.3,linewidth);
line([126.339,117.854
],[117.145,108.66],0.3,linewidth);
line([117.711,108.66
],[126.339,117.288],0.3,linewidth);
line([126.339,116.722
],[118.277,108.66],0.3,linewidth);
line([118.842,108.66
],[126.339,116.157],0.3,linewidth);
line([126.339,115.591
],[119.408,108.66],0.3,linewidth);
line([119.974,108.66
],[126.339,115.025],0.3,linewidth);
line([126.339,114.46
],[120.539,108.66],0.3,linewidth);
line([121.105,108.66
],[126.339,113.894],0.3,linewidth);
line([126.339,113.328
],[121.671,108.66],0.3,linewidth);
line([122.236,108.66
],[126.339,112.763],0.3,linewidth);
line([126.339,112.197
],[122.802,108.66],0.3,linewidth);
line([123.368,108.66
],[126.339,111.631],0.3,linewidth);
line([126.339,111.065
],[123.933,108.66],0.3,linewidth);
line([124.499,108.66
],[126.339,110.5],0.3,linewidth);
line([126.339,109.934
],[125.065,108.66],0.3,linewidth);
line([125.63,108.66
],[126.339,109.368],0.3,linewidth);
line([126.339,108.803
],[126.196,108.66],0.3,linewidth);
line([108.1,126.9
],[126.9,126.9],0.56
,linewidth);
line([126.9,126.9],[126.9,117.5],0.56
,linewidth);
line([126.9,117.5],[126.9,108.1],0.56
,linewidth);
line([126.9,108.1],[108.1,108.1],0.56
,linewidth);
line([108.1,108.1],[108.1,126.9],0.56
,linewidth);
line([107.7,127.3
],[127.3,127.3],0.56
,linewidth);
line([127.3,127.3],[127.3,117.5],0.56
,linewidth);
line([127.3,117.5],[127.3,107.7],0.56
,linewidth);
line([127.3,107.7],[107.7,107.7],0.56
,linewidth);
line([107.7,107.7],[107.7,127.3],0.56
,linewidth);
line([108.46,126.54
],[126.54,126.54],0.56
,linewidth);
line([126.54,126.54],[126.54,108.46],0.56
,linewidth);
line([126.54,108.46],[108.46,108.46],0.56
,linewidth);
line([108.46,108.46],[108.46,117.5],0.56
,linewidth);
line([108.46,117.5],[108.46,126.54],0.56
,linewidth);
line([108.66,109.128
],[109.129,108.659],0.56
,linewidth);
line([109.694,108.659
],[108.66,109.694],0.56
,linewidth);
line([108.66,110.259
],[110.26,108.659],0.56
,linewidth);
line([110.826,108.659
],[108.66,110.825],0.56
,linewidth);
line([108.66,111.391
],[111.391,108.659],0.56
,linewidth);
line([111.957,108.659
],[108.66,111.956],0.56
,linewidth);
line([108.66,112.522
],[112.523,108.659],0.56
,linewidth);
line([113.089,108.659
],[108.66,113.088],0.56
,linewidth);
line([108.66,113.653
],[113.654,108.659],0.56
,linewidth);
line([114.22,108.659
],[108.66,114.219],0.56
,linewidth);
line([108.66,114.785
],[114.786,108.659],0.56
,linewidth);
line([115.351,108.659
],[108.66,115.351],0.56
,linewidth);
line([108.66,115.916
],[115.917,108.659],0.56
,linewidth);
line([116.483,108.659
],[108.66,116.482],0.56
,linewidth);
line([108.66,117.048
],[117.048,108.659],0.56
,linewidth);
line([117.614,108.659
],[108.66,117.613],0.56
,linewidth);
line([108.66,118.179
],[118.18,108.659],0.56
,linewidth);
line([118.745,108.659
],[108.66,118.745],0.56
,linewidth);
line([108.66,119.31
],[119.311,108.659],0.56
,linewidth);
line([119.877,108.659
],[108.66,119.876],0.56
,linewidth);
line([108.66,120.442
],[120.442,108.659],0.56
,linewidth);
line([121.008,108.659
],[108.66,121.007],0.56
,linewidth);
line([108.66,121.573
],[121.574,108.659],0.56
,linewidth);
line([122.139,108.659
],[108.66,122.139],0.56
,linewidth);
line([108.66,122.704
],[122.705,108.659],0.56
,linewidth);
line([123.271,108.659
],[108.66,123.27],0.56
,linewidth);
line([108.66,123.836
],[123.837,108.659],0.56
,linewidth);
line([124.402,108.659
],[108.66,124.402],0.56
,linewidth);
line([108.66,124.967
],[124.968,108.659],0.56
,linewidth);
line([125.534,108.659
],[108.66,125.533],0.56
,linewidth);
line([108.66,126.099
],[126.099,108.659],0.56
,linewidth);
line([126.339,108.985
],[108.985,126.339],0.56
,linewidth);
line([109.551,126.339
],[126.339,109.551],0.56
,linewidth);
line([126.339,110.117
],[110.117,126.339],0.56
,linewidth);
line([110.682,126.339
],[126.339,110.682],0.56
,linewidth);
line([126.339,111.248
],[111.248,126.339],0.56
,linewidth);
line([111.814,126.339
],[126.339,111.814],0.56
,linewidth);
line([126.339,112.379
],[112.379,126.339],0.56
,linewidth);
line([112.945,126.339
],[126.339,112.945],0.56
,linewidth);
line([126.339,113.511
],[113.511,126.339],0.56
,linewidth);
line([114.076,126.339
],[126.339,114.076],0.56
,linewidth);
line([126.339,114.642
],[114.642,126.339],0.56
,linewidth);
line([115.208,126.339
],[126.339,115.208],0.56
,linewidth);
line([126.339,115.773
],[115.773,126.339],0.56
,linewidth);
line([116.339,126.339
],[126.339,116.339],0.56
,linewidth);
line([126.339,116.905
],[116.905,126.339],0.56
,linewidth);
line([117.47,126.339
],[126.339,117.47],0.56
,linewidth);
line([126.339,118.036
],[118.036,126.339],0.56
,linewidth);
line([118.602,126.339
],[126.339,118.602],0.56
,linewidth);
line([126.339,119.167
],[119.167,126.339],0.56
,linewidth);
line([119.733,126.339
],[126.339,119.733],0.56
,linewidth);
line([126.339,120.299
],[120.299,126.339],0.56
,linewidth);
line([120.865,126.339
],[126.339,120.865],0.56
,linewidth);
line([126.339,121.43
],[121.43,126.339],0.56
,linewidth);
line([121.996,126.339
],[126.339,121.996],0.56
,linewidth);
line([126.339,122.562
],[122.562,126.339],0.56
,linewidth);
line([123.127,126.339
],[126.339,123.127],0.56
,linewidth);
line([126.339,123.693
],[123.693,126.339],0.56
,linewidth);
line([124.259,126.339
],[126.339,124.259],0.56
,linewidth);
line([126.339,124.824
],[124.824,126.339],0.56
,linewidth);
line([125.39,126.339
],[126.339,125.39],0.56
,linewidth);
line([126.339,125.956
],[125.956,126.339],0.56
,linewidth);
line([108.1,126.9
],[126.9,126.9],0.84
,linewidth);
line([126.9,126.9],[126.9,108.1],0.84
,linewidth);
line([126.9,108.1],[108.1,108.1],0.84
,linewidth);
line([108.1,108.1],[108.1,126.9],0.84
,linewidth);
line([107.7,127.3
],[127.3,127.3],0.84
,linewidth);
line([127.3,127.3],[127.3,107.7],0.84
,linewidth);
line([127.3,107.7],[107.7,107.7],0.84
,linewidth);
line([107.7,107.7],[107.7,127.3],0.84
,linewidth);
line([114.388,126.82
],[119.383,108.178],0.84
,linewidth);
line([120.332,108.18
],[126.819,114.667],0.84
,linewidth);
line([126.818,115.616
],[108.179,120.61],0.84
,linewidth);
line([108.179,119.08
],[111.101,108.178],0.84
,linewidth);
line([109.018,108.18
],[126.819,125.98],0.84
,linewidth);
line([126.819,123.898
],[115.917,126.819],0.84
,linewidth);
line([116.344,126.819
],[108.179,118.654],0.84
,linewidth);
line([108.179,112.328
],[123.663,108.179],0.84
,linewidth);
line([126.819,111.335
],[122.67,126.819],0.84
,linewidth);
line([108.1,126.9
],[126.9,126.9],1.12
,linewidth);
line([126.9,126.9],[126.9,117.5],1.12
,linewidth);
line([126.9,117.5],[126.9,108.1],1.12
,linewidth);
line([126.9,108.1],[108.1,108.1],1.12
,linewidth);
line([108.1,108.1],[108.1,126.9],1.12
,linewidth);
line([107.7,127.3
],[127.3,127.3],1.12
,linewidth);
line([127.3,127.3],[127.3,117.5],1.12
,linewidth);
line([127.3,117.5],[127.3,107.7],1.12
,linewidth);
line([127.3,107.7],[107.7,107.7],1.12
,linewidth);
line([107.7,107.7],[107.7,127.3],1.12
,linewidth);
line([114.183,126.82
],[119.178,108.178],1.12
,linewidth);
line([120.612,108.18
],[126.819,114.387],1.12
,linewidth);
line([126.819,115.821
],[108.179,120.815],1.12
,linewidth);
line([108.179,118.374
],[116.624,126.819],1.12
,linewidth);
line([116.624,126.819],[116.682,126.819
],1.12
,linewidth);
line([116.682,126.819
],[126.819,124.103],1.12
,linewidth);
line([126.819,125.7
],[109.298,108.18],1.12
,linewidth);
line([110.896,108.178
],[108.179,118.315],1.12
,linewidth);
line([108.179,112.533
],[124.428,108.179],1.12
,linewidth);
line([126.819,110.57
],[122.465,126.819],1.12
,linewidth);
line([108.1,126.9
],[126.9,126.9],1.4
,linewidth);
line([126.9,126.9],[126.9,108.1],1.4
,linewidth);
line([126.9,108.1],[108.1,108.1],1.4
,linewidth);
line([108.1,108.1],[108.1,126.9],1.4
,linewidth);
line([107.7,127.3
],[127.3,127.3],1.4
,linewidth);
line([127.3,127.3],[127.3,107.7],1.4
,linewidth);
line([127.3,107.7],[107.7,107.7],1.4
,linewidth);
line([107.7,107.7],[107.7,127.3],1.4
,linewidth);
line([113.978,126.82
],[118.973,108.178],1.4
,linewidth);
line([120.892,108.18
],[126.819,114.107],1.4
,linewidth);
line([126.819,116.026
],[108.179,121.02],1.4
,linewidth);
line([108.179,118.094
],[116.904,126.819],1.4
,linewidth);
line([117.447,126.819
],[126.818,124.308],1.4
,linewidth);
line([126.819,125.42
],[109.578,108.18],1.4
,linewidth);
line([110.69,108.179
],[108.179,117.55],1.4
,linewidth);
line([108.179,112.738
],[125.192,108.179],1.4
,linewidth);
line([126.819,109.806
],[122.26,126.819],1.4
,linewidth);
line([108.1,126.9
],[117.5,126.9],1.68
,linewidth);
line([117.5,126.9],[126.9,126.9],1.68
,linewidth);
line([126.9,126.9],[126.9,108.1],1.68
,linewidth);
line([126.9,108.1],[108.1,108.1],1.68
,linewidth);
line([108.1,108.1],[108.1,126.9],1.68
,linewidth);
line([107.7,127.3
],[117.5,127.3],1.68
,linewidth);
line([117.5,127.3],[127.3,127.3],1.68
,linewidth);
line([127.3,127.3],[127.3,107.7],1.68
,linewidth);
line([127.3,107.7],[107.7,107.7],1.68
,linewidth);
line([107.7,107.7],[107.7,127.3],1.68
,linewidth);
line([113.773,126.819
],[118.768,108.178],1.68
,linewidth);
line([121.172,108.18
],[126.819,113.827],1.68
,linewidth);
line([126.819,116.231
],[108.179,121.225],1.68
,linewidth);
line([108.179,117.814
],[117.184,126.819],1.68
,linewidth);
line([118.211,126.819
],[126.818,124.513],1.68
,linewidth);
line([126.819,125.14
],[109.858,108.18],1.68
,linewidth);
line([110.485,108.178
],[108.179,116.786],1.68
,linewidth);
line([108.18,112.943
],[125.957,108.179],1.68
,linewidth);
line([126.819,109.041
],[122.055,126.819],1.68
,linewidth);
line([108.1,126.9
],[126.9,126.9],1.96
,linewidth);
line([126.9,126.9],[126.9,117.5],1.96
,linewidth);
line([126.9,117.5],[126.9,108.1],1.96
,linewidth);
line([126.9,108.1],[108.1,108.1],1.96
,linewidth);
line([108.1,108.1],[108.1,126.9],1.96
,linewidth);
line([107.7,127.3
],[127.3,127.3],1.96
,linewidth);
line([127.3,127.3],[127.3,117.5],1.96
,linewidth);
line([127.3,117.5],[127.3,107.7],1.96
,linewidth);
line([127.3,107.7],[107.7,107.7],1.96
,linewidth);
line([107.7,107.7],[107.7,127.3],1.96
,linewidth);
line([113.568,126.819
],[118.563,108.178],1.96
,linewidth);
line([121.452,108.18
],[126.819,113.547],1.96
,linewidth);
line([126.819,116.436
],[108.179,121.43],1.96
,linewidth);
line([108.179,117.534
],[117.464,126.819],1.96
,linewidth);
line([118.976,126.819
],[126.818,124.718],1.96
,linewidth);
line([126.818,124.718],[126.819,124.86
],1.96
,linewidth);
line([126.819,124.86
],[110.138,108.18],1.96
,linewidth);
line([110.138,108.18],[110.28,108.178
],1.96
,linewidth);
line([110.28,108.178
],[108.179,116.021],1.96
,linewidth);
line([108.179,113.148
],[126.722,108.179],1.96
,linewidth);
line([126.722,108.179],[126.819,108.276
],1.96
,linewidth);
line([126.819,108.276
],[121.85,126.82],1.96
,linewidth);
line([108.1,126.9
],[126.9,126.9],2.24
,linewidth);
line([126.9,126.9],[126.9,117.5],2.24
,linewidth);
line([126.9,117.5],[126.9,108.1],2.24
,linewidth);
line([126.9,108.1],[108.1,108.1],2.24
,linewidth);
line([108.1,108.1],[108.1,126.9],2.24
,linewidth);
line([107.7,127.3
],[127.3,127.3],2.24
,linewidth);
line([127.3,127.3],[127.3,117.5],2.24
,linewidth);
line([127.3,117.5],[127.3,107.7],2.24
,linewidth);
line([127.3,107.7],[107.7,107.7],2.24
,linewidth);
line([107.7,107.7],[107.7,127.3],2.24
,linewidth);
line([113.363,126.819
],[118.358,108.178],2.24
,linewidth);
line([121.732,108.18
],[126.819,113.267],2.24
,linewidth);
line([126.819,116.641
],[108.179,121.635],2.24
,linewidth);
line([108.179,117.254
],[117.744,126.819],2.24
,linewidth);
line([119.741,126.819
],[126.818,124.923],2.24
,linewidth);
line([126.819,124.58
],[110.418,108.18],2.24
,linewidth);
line([110.075,108.178
],[108.179,115.256],2.24
,linewidth);
line([108.179,113.353
],[126.818,108.359],2.24
,linewidth);
line([126.64,108.179
],[121.645,126.82],2.24
,linewidth);
line([108.1,126.9
],[126.9,126.9],2.52
,linewidth);
line([126.9,126.9],[126.9,117.5],2.52
,linewidth);
line([126.9,117.5],[126.9,108.1],2.52
,linewidth);
line([126.9,108.1],[108.1,108.1],2.52
,linewidth);
line([108.1,108.1],[108.1,126.9],2.52
,linewidth);
line([107.7,127.3
],[127.3,127.3],2.52
,linewidth);
line([127.3,127.3],[127.3,117.5],2.52
,linewidth);
line([127.3,117.5],[127.3,107.7],2.52
,linewidth);
line([127.3,107.7],[107.7,107.7],2.52
,linewidth);
line([107.7,107.7],[107.7,127.3],2.52
,linewidth);
line([113.158,126.819
],[118.153,108.178],2.52
,linewidth);
line([122.012,108.18
],[126.819,112.987],2.52
,linewidth);
line([126.819,116.846
],[108.179,121.84],2.52
,linewidth);
line([108.179,116.974
],[118.024,126.819],2.52
,linewidth);
line([120.506,126.819
],[126.818,125.128],2.52
,linewidth);
line([126.819,124.3
],[110.698,108.18],2.52
,linewidth);
line([109.871,108.178
],[108.179,114.491],2.52
,linewidth);
line([108.179,113.558
],[126.818,108.564],2.52
,linewidth);
line([126.435,108.178
],[121.44,126.82],2.52
,linewidth);
line([108.1,126.9
],[126.9,126.9],2.8
,linewidth);
line([126.9,126.9],[126.9,117.5],2.8
,linewidth);
line([126.9,117.5],[126.9,108.1],2.8
,linewidth);
line([126.9,108.1],[108.1,108.1],2.8
,linewidth);
line([108.1,108.1],[108.1,126.9],2.8
,linewidth);
line([107.7,127.3
],[127.3,127.3],2.8
,linewidth);
line([127.3,127.3],[127.3,117.5],2.8
,linewidth);
line([127.3,117.5],[127.3,107.7],2.8
,linewidth);
line([127.3,107.7],[107.7,107.7],2.8
,linewidth);
line([107.7,107.7],[107.7,127.3],2.8
,linewidth);
line([112.953,126.819
],[117.948,108.178],2.8
,linewidth);
line([122.292,108.18
],[126.819,112.707],2.8
,linewidth);
line([126.818,108.769
],[108.179,113.763],2.8
,linewidth);
line([108.179,113.763],[108.179,113.726
],2.8
,linewidth);
line([108.179,113.726
],[109.666,108.178],2.8
,linewidth);
line([110.978,108.18
],[126.819,124.02],2.8
,linewidth);
line([126.818,125.333
],[121.271,126.819],2.8
,linewidth);
line([121.271,126.819],[121.235,126.82
],2.8
,linewidth);
line([121.235,126.82
],[126.23,108.178],2.8
,linewidth);
line([126.819,117.051
],[108.179,122.045],2.8
,linewidth);
line([108.179,116.694
],[118.304,126.819],2.8
,linewidth);
line([108.1,126.9
],[126.9,126.9],3.08
,linewidth);
line([126.9,126.9],[126.9,117.5],3.08
,linewidth);
line([126.9,117.5],[126.9,108.1],3.08
,linewidth);
line([126.9,108.1],[108.1,108.1],3.08
,linewidth);
line([108.1,108.1],[108.1,126.9],3.08
,linewidth);
line([107.7,127.3
],[127.3,127.3],3.08
,linewidth);
line([127.3,127.3],[127.3,117.5],3.08
,linewidth);
line([127.3,117.5],[127.3,107.7],3.08
,linewidth);
line([127.3,107.7],[107.7,107.7],3.08
,linewidth);
line([107.7,107.7],[107.7,127.3],3.08
,linewidth);
line([112.748,126.819
],[117.743,108.178],3.08
,linewidth);
line([122.572,108.18
],[126.819,112.427],3.08
,linewidth);
line([126.818,108.974
],[108.179,113.968],3.08
,linewidth);
line([108.179,112.961
],[109.461,108.178],3.08
,linewidth);
line([111.259,108.18
],[126.819,123.74],3.08
,linewidth);
line([126.818,125.538
],[122.036,126.819],3.08
,linewidth);
line([121.03,126.82
],[126.025,108.178],3.08
,linewidth);
line([126.819,117.256
],[108.179,122.25],3.08
,linewidth);
line([108.179,116.414
],[118.584,126.819],3.08
,linewidth);
line([108.1,126.9
],[126.9,126.9],3.36
,linewidth);
line([126.9,126.9],[126.9,117.5],3.36
,linewidth);
line([126.9,117.5],[126.9,108.1],3.36
,linewidth);
line([126.9,108.1],[108.1,108.1],3.36
,linewidth);
line([108.1,108.1],[108.1,126.9],3.36
,linewidth);
line([107.7,127.3
],[127.3,127.3],3.36
,linewidth);
line([127.3,127.3],[127.3,117.5],3.36
,linewidth);
line([127.3,117.5],[127.3,107.7],3.36
,linewidth);
line([127.3,107.7],[107.7,107.7],3.36
,linewidth);
line([107.7,107.7],[107.7,127.3],3.36
,linewidth);
line([112.543,126.819
],[117.538,108.178],3.36
,linewidth);
line([122.852,108.18
],[126.819,112.147],3.36
,linewidth);
line([126.818,109.179
],[108.179,114.173],3.36
,linewidth);
line([108.179,116.134
],[118.864,126.819],3.36
,linewidth);
line([120.825,126.82
],[125.82,108.178],3.36
,linewidth);
line([126.819,117.461
],[108.179,122.455],3.36
,linewidth);
line([108.179,112.195
],[109.256,108.178],3.36
,linewidth);
line([111.539,108.18
],[126.819,123.46],3.36
,linewidth);
line([126.819,125.743
],[122.801,126.819],3.36
,linewidth);
line([108.1,126.9
],[126.9,126.9],3.64
,linewidth);
line([126.9,126.9],[126.9,117.5],3.64
,linewidth);
line([126.9,117.5],[126.9,108.1],3.64
,linewidth);
line([126.9,108.1],[108.1,108.1],3.64
,linewidth);
line([108.1,108.1],[108.1,126.9],3.64
,linewidth);
line([107.7,127.3
],[127.3,127.3],3.64
,linewidth);
line([127.3,127.3],[127.3,117.5],3.64
,linewidth);
line([127.3,117.5],[127.3,107.7],3.64
,linewidth);
line([127.3,107.7],[107.7,107.7],3.64
,linewidth);
line([107.7,107.7],[107.7,127.3],3.64
,linewidth);
line([112.338,126.819
],[117.333,108.179],3.64
,linewidth);
line([111.819,108.18
],[126.819,123.18],3.64
,linewidth);
line([126.819,125.948
],[123.565,126.82],3.64
,linewidth);
line([120.62,126.82
],[125.615,108.178],3.64
,linewidth);
line([126.818,109.384
],[108.179,114.378],3.64
,linewidth);
line([108.179,115.854
],[119.144,126.819],3.64
,linewidth);
line([108.18,122.66
],[126.818,117.666],3.64
,linewidth);
line([126.819,111.867
],[123.132,108.18],3.64
,linewidth);
line([109.051,108.178
],[108.179,111.431],3.64
,linewidth);
line([108.1,126.9
],[126.9,126.9],3.92
,linewidth);
line([126.9,126.9],[126.9,117.5],3.92
,linewidth);
line([126.9,117.5],[126.9,108.1],3.92
,linewidth);
line([126.9,108.1],[108.1,108.1],3.92
,linewidth);
line([108.1,108.1],[108.1,126.9],3.92
,linewidth);
line([107.7,127.3
],[127.3,127.3],3.92
,linewidth);
line([127.3,127.3],[127.3,117.5],3.92
,linewidth);
line([127.3,117.5],[127.3,107.7],3.92
,linewidth);
line([127.3,107.7],[107.7,107.7],3.92
,linewidth);
line([107.7,107.7],[107.7,127.3],3.92
,linewidth);
line([112.133,126.819
],[117.128,108.179],3.92
,linewidth);
line([112.099,108.18
],[126.819,122.9],3.92
,linewidth);
line([126.819,126.153
],[124.33,126.82],3.92
,linewidth);
line([120.415,126.82
],[125.41,108.178],3.92
,linewidth);
line([126.818,109.588
],[108.179,114.583],3.92
,linewidth);
line([108.179,115.574
],[119.424,126.819],3.92
,linewidth);
line([126.818,117.871
],[108.18,122.865],3.92
,linewidth);
line([108.179,110.666
],[108.846,108.178],3.92
,linewidth);
line([123.412,108.18
],[126.819,111.587],3.92
,linewidth);
line([108.1,126.9
],[126.9,126.9],4.2
,linewidth);
line([126.9,126.9],[126.9,117.5],4.2
,linewidth);
line([126.9,117.5],[126.9,108.1],4.2
,linewidth);
line([126.9,108.1],[108.1,108.1],4.2
,linewidth);
line([108.1,108.1],[108.1,126.9],4.2
,linewidth);
line([107.7,127.3
],[127.3,127.3],4.2
,linewidth);
line([127.3,127.3],[127.3,117.5],4.2
,linewidth);
line([127.3,117.5],[127.3,107.7],4.2
,linewidth);
line([127.3,107.7],[107.7,107.7],4.2
,linewidth);
line([107.7,107.7],[107.7,127.3],4.2
,linewidth);
line([108.39,126.819
],[108.179,126.608],4.2
,linewidth);
line([108.18,123.07
],[126.818,118.076],4.2
,linewidth);
line([126.819,122.62
],[112.379,108.18],4.2
,linewidth);
line([108.641,108.178
],[108.179,109.901],4.2
,linewidth);
line([108.179,114.788
],[126.819,109.793],4.2
,linewidth);
line([126.819,111.307
],[123.692,108.18],4.2
,linewidth);
line([125.205,108.178
],[120.21,126.82],4.2
,linewidth);
line([119.704,126.819
],[108.179,115.294],4.2
,linewidth);
line([116.923,108.179
],[111.928,126.819],4.2
,linewidth);
line([125.095,126.82
],[126.819,126.358],4.2
,linewidth);
line([108.1,126.9
],[126.9,126.9],4.48
,linewidth);
line([126.9,126.9],[126.9,117.5],4.48
,linewidth);
line([126.9,117.5],[126.9,108.1],4.48
,linewidth);
line([126.9,108.1],[108.1,108.1],4.48
,linewidth);
line([108.1,108.1],[108.1,126.9],4.48
,linewidth);
line([107.7,127.3
],[127.3,127.3],4.48
,linewidth);
line([127.3,127.3],[127.3,117.5],4.48
,linewidth);
line([127.3,117.5],[127.3,107.7],4.48
,linewidth);
line([127.3,107.7],[107.7,107.7],4.48
,linewidth);
line([107.7,107.7],[107.7,127.3],4.48
,linewidth);
line([108.67,126.819
],[108.179,126.328],4.48
,linewidth);
line([108.18,123.275
],[126.818,118.281],4.48
,linewidth);
line([126.819,122.34
],[112.659,108.18],4.48
,linewidth);
line([116.718,108.179
],[111.723,126.819],4.48
,linewidth);
line([119.984,126.819
],[108.179,115.014],4.48
,linewidth);
line([108.179,115.014],[108.179,114.993
],4.48
,linewidth);
line([108.179,114.993
],[126.819,109.998],4.48
,linewidth);
line([126.819,111.027
],[123.972,108.18],4.48
,linewidth);
line([125,108.178
],[120.005,126.82],4.48
,linewidth);
line([125.861,126.82
],[126.819,126.563],4.48
,linewidth);
line([108.179,109.136
],[108.436,108.178],4.48
,linewidth);
line([108.1,126.9
],[117.5,126.9],4.76
,linewidth);
line([117.5,126.9],[126.9,126.9],4.76
,linewidth);
line([126.9,126.9],[126.9,108.1],4.76
,linewidth);
line([126.9,108.1],[108.1,108.1],4.76
,linewidth);
line([108.1,108.1],[108.1,126.9],4.76
,linewidth);
line([107.7,127.3
],[117.5,127.3],4.76
,linewidth);
line([117.5,127.3],[127.3,127.3],4.76
,linewidth);
line([127.3,127.3],[127.3,107.7],4.76
,linewidth);
line([127.3,107.7],[107.7,107.7],4.76
,linewidth);
line([107.7,107.7],[107.7,127.3],4.76
,linewidth);
line([108.951,126.819
],[108.179,126.048],4.76
,linewidth);
line([108.18,123.48
],[126.818,118.486],4.76
,linewidth);
line([126.819,122.06
],[112.939,108.18],4.76
,linewidth);
line([116.513,108.178
],[111.518,126.819],4.76
,linewidth);
line([119.8,126.819
],[124.795,108.178],4.76
,linewidth);
line([124.252,108.18
],[126.819,110.747],4.76
,linewidth);
line([126.819,110.203
],[108.179,115.198],4.76
,linewidth);
line([108.179,114.734
],[120.264,126.819],4.76
,linewidth);
line([126.626,126.82
],[126.819,126.768],4.76
,linewidth);
line([108.179,108.371
],[108.231,108.178],4.76
,linewidth);
line([108.1,126.9
],[126.9,126.9],5.04
,linewidth);
line([126.9,126.9],[126.9,108.1],5.04
,linewidth);
line([126.9,108.1],[108.1,108.1],5.04
,linewidth);
line([108.1,108.1],[108.1,126.9],5.04
,linewidth);
line([107.7,127.3
],[127.3,127.3],5.04
,linewidth);
line([127.3,127.3],[127.3,107.7],5.04
,linewidth);
line([127.3,107.7],[107.7,107.7],5.04
,linewidth);
line([107.7,107.7],[107.7,127.3],5.04
,linewidth);
line([109.231,126.819
],[108.179,125.768],5.04
,linewidth);
line([108.18,123.685
],[126.818,118.691],5.04
,linewidth);
line([126.819,121.78
],[113.219,108.18],5.04
,linewidth);
line([116.308,108.178
],[111.313,126.819],5.04
,linewidth);
line([119.595,126.819
],[124.59,108.178],5.04
,linewidth);
line([124.59,108.178],[124.532,108.18
],5.04
,linewidth);
line([124.532,108.18
],[126.819,110.467],5.04
,linewidth);
line([126.819,110.467],[126.819,110.408
],5.04
,linewidth);
line([126.819,110.408
],[108.179,115.403],5.04
,linewidth);
line([108.179,114.454
],[120.544,126.819],5.04
,linewidth);
line([108.1,126.9
],[126.9,126.9],5.32
,linewidth);
line([126.9,126.9],[126.9,117.5],5.32
,linewidth);
line([126.9,117.5],[126.9,108.1],5.32
,linewidth);
line([126.9,108.1],[108.1,108.1],5.32
,linewidth);
line([108.1,108.1],[108.1,126.9],5.32
,linewidth);
line([107.7,127.3
],[127.3,127.3],5.32
,linewidth);
line([127.3,127.3],[127.3,117.5],5.32
,linewidth);
line([127.3,117.5],[127.3,107.7],5.32
,linewidth);
line([127.3,107.7],[107.7,107.7],5.32
,linewidth);
line([107.7,107.7],[107.7,127.3],5.32
,linewidth);
line([109.511,126.819
],[108.179,125.488],5.32
,linewidth);
line([108.179,123.89
],[126.818,118.896],5.32
,linewidth);
line([126.819,121.5
],[113.499,108.18],5.32
,linewidth);
line([116.103,108.178
],[111.108,126.82],5.32
,linewidth);
line([119.39,126.819
],[124.385,108.178],5.32
,linewidth);
line([124.812,108.18
],[126.819,110.187],5.32
,linewidth);
line([126.819,110.613
],[108.179,115.608],5.32
,linewidth);
line([108.179,114.174
],[120.824,126.819],5.32
,linewidth);
line([108.1,126.9
],[126.9,126.9],5.6
,linewidth);
line([126.9,126.9],[126.9,117.5],5.6
,linewidth);
line([126.9,117.5],[126.9,108.1],5.6
,linewidth);
line([126.9,108.1],[108.1,108.1],5.6
,linewidth);
line([108.1,108.1],[108.1,126.9],5.6
,linewidth);
line([107.7,127.3
],[127.3,127.3],5.6
,linewidth);
line([127.3,127.3],[127.3,117.5],5.6
,linewidth);
line([127.3,117.5],[127.3,107.7],5.6
,linewidth);
line([127.3,107.7],[107.7,107.7],5.6
,linewidth);
line([107.7,107.7],[107.7,127.3],5.6
,linewidth);
line([109.791,126.819
],[108.179,125.208],5.6
,linewidth);
line([108.179,124.095
],[126.818,119.101],5.6
,linewidth);
line([126.819,121.22
],[113.779,108.18],5.6
,linewidth);
line([115.898,108.178
],[110.903,126.82],5.6
,linewidth);
line([119.185,126.819
],[124.18,108.178],5.6
,linewidth);
line([125.092,108.18
],[126.819,109.907],5.6
,linewidth);
line([126.819,110.818
],[108.179,115.813],5.6
,linewidth);
line([108.179,113.894
],[121.104,126.819],5.6
,linewidth);
line([108.1,126.9
],[126.9,126.9],5.88
,linewidth);
line([126.9,126.9],[126.9,117.5],5.88
,linewidth);
line([126.9,117.5],[126.9,108.1],5.88
,linewidth);
line([126.9,108.1],[108.1,108.1],5.88
,linewidth);
line([108.1,108.1],[108.1,126.9],5.88
,linewidth);
line([107.7,127.3
],[127.3,127.3],5.88
,linewidth);
line([127.3,127.3],[127.3,117.5],5.88
,linewidth);
line([127.3,117.5],[127.3,107.7],5.88
,linewidth);
line([127.3,107.7],[107.7,107.7],5.88
,linewidth);
line([107.7,107.7],[107.7,127.3],5.88
,linewidth);
line([110.071,126.819
],[108.179,124.928],5.88
,linewidth);
line([108.179,124.3
],[126.818,119.306],5.88
,linewidth);
line([126.819,120.94
],[114.059,108.18],5.88
,linewidth);
line([115.693,108.178
],[110.698,126.82],5.88
,linewidth);
line([118.98,126.819
],[123.975,108.178],5.88
,linewidth);
line([125.372,108.18
],[126.819,109.627],5.88
,linewidth);
line([126.819,111.023
],[108.179,116.018],5.88
,linewidth);
line([108.179,113.614
],[121.384,126.819],5.88
,linewidth);
line([108.1,126.9
],[126.9,126.9],6.16
,linewidth);
line([126.9,126.9],[126.9,108.1],6.16
,linewidth);
line([126.9,108.1],[117.5,108.1],6.16
,linewidth);
line([117.5,108.1],[108.1,108.1],6.16
,linewidth);
line([108.1,108.1],[108.1,126.9],6.16
,linewidth);
line([107.7,127.3
],[127.3,127.3],6.16
,linewidth);
line([127.3,127.3],[127.3,107.7],6.16
,linewidth);
line([127.3,107.7],[117.5,107.7],6.16
,linewidth);
line([117.5,107.7],[107.7,107.7],6.16
,linewidth);
line([107.7,107.7],[107.7,127.3],6.16
,linewidth);
line([110.351,126.819
],[108.179,124.648],6.16
,linewidth);
line([108.179,124.648],[108.179,124.505
],6.16
,linewidth);
line([108.179,124.505
],[126.818,119.511],6.16
,linewidth);
line([126.819,120.66
],[114.339,108.18],6.16
,linewidth);
line([115.488,108.178
],[110.493,126.82],6.16
,linewidth);
line([118.775,126.819
],[123.77,108.179],6.16
,linewidth);
line([125.652,108.18
],[126.819,109.346],6.16
,linewidth);
line([126.818,111.229
],[108.179,116.223],6.16
,linewidth);
line([108.179,113.334
],[121.664,126.819],6.16
,linewidth);
line([108.1,126.9
],[126.9,126.9],6.44
,linewidth);
line([126.9,126.9],[126.9,108.1],6.44
,linewidth);
line([126.9,108.1],[108.1,108.1],6.44
,linewidth);
line([108.1,108.1],[108.1,126.9],6.44
,linewidth);
line([107.7,127.3
],[127.3,127.3],6.44
,linewidth);
line([127.3,127.3],[127.3,107.7],6.44
,linewidth);
line([127.3,107.7],[107.7,107.7],6.44
,linewidth);
line([107.7,107.7],[107.7,127.3],6.44
,linewidth);
line([110.288,126.82
],[115.283,108.178],6.44
,linewidth);
line([114.619,108.18
],[126.819,120.38],6.44
,linewidth);
line([126.819,119.716
],[108.179,124.71],6.44
,linewidth);
line([108.179,124.368
],[110.631,126.819],6.44
,linewidth);
line([118.57,126.819
],[123.565,108.179],6.44
,linewidth);
line([125.932,108.18
],[126.819,109.066],6.44
,linewidth);
line([126.818,111.433
],[108.179,116.428],6.44
,linewidth);
line([108.179,113.054
],[121.944,126.819],6.44
,linewidth);
line([108.1,126.9
],[126.9,126.9],6.72
,linewidth);
line([126.9,126.9],[126.9,117.5],6.72
,linewidth);
line([126.9,117.5],[126.9,108.1],6.72
,linewidth);
line([126.9,108.1],[108.1,108.1],6.72
,linewidth);
line([108.1,108.1],[108.1,126.9],6.72
,linewidth);
line([107.7,127.3
],[127.3,127.3],6.72
,linewidth);
line([127.3,127.3],[127.3,117.5],6.72
,linewidth);
line([127.3,117.5],[127.3,107.7],6.72
,linewidth);
line([127.3,107.7],[107.7,107.7],6.72
,linewidth);
line([107.7,107.7],[107.7,127.3],6.72
,linewidth);
line([110.083,126.82
],[115.078,108.178],6.72
,linewidth);
line([115.078,108.178],[114.899,108.18
],6.72
,linewidth);
line([114.899,108.18
],[126.819,120.1],6.72
,linewidth);
line([126.819,120.1],[126.819,119.921
],6.72
,linewidth);
line([126.819,119.921
],[108.179,124.915],6.72
,linewidth);
line([108.179,124.088
],[110.911,126.819],6.72
,linewidth);
line([118.365,126.819
],[123.36,108.179],6.72
,linewidth);
line([126.212,108.18
],[126.819,108.786],6.72
,linewidth);
line([126.818,111.638
],[108.18,116.633],6.72
,linewidth);
line([108.179,112.774
],[122.224,126.819],6.72
,linewidth);
line([126.647,126.82
],[126.819,126.178],6.72
,linewidth);
line([108.82,108.179
],[108.179,108.351],6.72
,linewidth);
line([108.1,126.9
],[126.9,126.9],7
,linewidth);
line([126.9,126.9],[126.9,117.5],7
,linewidth);
line([126.9,117.5],[126.9,108.1],7
,linewidth);
line([126.9,108.1],[108.1,108.1],7
,linewidth);
line([108.1,108.1],[108.1,126.9],7
,linewidth);
line([107.7,127.3
],[127.3,127.3],7
,linewidth);
line([127.3,127.3],[127.3,117.5],7
,linewidth);
line([127.3,117.5],[127.3,107.7],7
,linewidth);
line([127.3,107.7],[107.7,107.7],7
,linewidth);
line([107.7,107.7],[107.7,127.3],7
,linewidth);
line([109.878,126.819
],[114.873,108.178],7
,linewidth);
line([115.179,108.18
],[126.819,119.82],7
,linewidth);
line([126.819,120.125
],[108.179,125.12],7
,linewidth);
line([108.179,123.808
],[111.191,126.819],7
,linewidth);
line([118.16,126.819
],[123.155,108.179],7
,linewidth);
line([126.492,108.18
],[126.819,108.506],7
,linewidth);
line([126.818,111.843
],[108.18,116.838],7
,linewidth);
line([108.179,112.494
],[122.504,126.819],7
,linewidth);
line([126.442,126.82
],[126.819,125.413],7
,linewidth);
line([109.585,108.179
],[108.179,108.556],7
,linewidth);
line([108.1,126.9
],[126.9,126.9],7.28
,linewidth);
line([126.9,126.9],[126.9,117.5],7.28
,linewidth);
line([126.9,117.5],[126.9,108.1],7.28
,linewidth);
line([126.9,108.1],[108.1,108.1],7.28
,linewidth);
line([108.1,108.1],[108.1,126.9],7.28
,linewidth);
line([107.7,127.3
],[127.3,127.3],7.28
,linewidth);
line([127.3,127.3],[127.3,117.5],7.28
,linewidth);
line([127.3,117.5],[127.3,107.7],7.28
,linewidth);
line([127.3,107.7],[107.7,107.7],7.28
,linewidth);
line([107.7,107.7],[107.7,127.3],7.28
,linewidth);
line([109.673,126.819
],[114.668,108.178],7.28
,linewidth);
line([115.459,108.18
],[126.819,119.54],7.28
,linewidth);
line([126.819,120.33
],[108.179,125.325],7.28
,linewidth);
line([108.179,123.528
],[111.471,126.819],7.28
,linewidth);
line([117.955,126.819
],[122.95,108.179],7.28
,linewidth);
line([126.818,112.048
],[108.18,117.043],7.28
,linewidth);
line([108.179,112.214
],[122.784,126.819],7.28
,linewidth);
line([126.238,126.82
],[126.819,124.648],7.28
,linewidth);
line([110.35,108.179
],[108.179,108.761],7.28
,linewidth);
line([108.1,126.9
],[126.9,126.9],7.56
,linewidth);
line([126.9,126.9],[126.9,117.5],7.56
,linewidth);
line([126.9,117.5],[126.9,108.1],7.56
,linewidth);
line([126.9,108.1],[108.1,108.1],7.56
,linewidth);
line([108.1,108.1],[108.1,126.9],7.56
,linewidth);
line([107.7,127.3
],[127.3,127.3],7.56
,linewidth);
line([127.3,127.3],[127.3,117.5],7.56
,linewidth);
line([127.3,117.5],[127.3,107.7],7.56
,linewidth);
line([127.3,107.7],[107.7,107.7],7.56
,linewidth);
line([107.7,107.7],[107.7,127.3],7.56
,linewidth);
line([109.468,126.819
],[114.463,108.178],7.56
,linewidth);
line([115.739,108.18
],[126.819,119.26],7.56
,linewidth);
line([126.819,120.535
],[108.179,125.53],7.56
,linewidth);
line([108.179,123.248
],[111.751,126.819],7.56
,linewidth);
line([117.75,126.82
],[122.745,108.179],7.56
,linewidth);
line([126.818,112.253
],[108.179,117.248],7.56
,linewidth);
line([108.179,111.934
],[123.064,126.819],7.56
,linewidth);
line([126.033,126.82
],[126.819,123.883],7.56
,linewidth);
line([111.116,108.179
],[108.179,108.965],7.56
,linewidth);
line([108.1,126.9
],[126.9,126.9],7.84
,linewidth);
line([126.9,126.9],[126.9,117.5],7.84
,linewidth);
line([126.9,117.5],[126.9,108.1],7.84
,linewidth);
line([126.9,108.1],[108.1,108.1],7.84
,linewidth);
line([108.1,108.1],[108.1,126.9],7.84
,linewidth);
line([107.7,127.3
],[127.3,127.3],7.84
,linewidth);
line([127.3,127.3],[127.3,117.5],7.84
,linewidth);
line([127.3,117.5],[127.3,107.7],7.84
,linewidth);
line([127.3,107.7],[107.7,107.7],7.84
,linewidth);
line([107.7,107.7],[107.7,127.3],7.84
,linewidth);
line([109.263,126.819
],[114.258,108.178],7.84
,linewidth);
line([116.019,108.18
],[126.819,118.98],7.84
,linewidth);
line([126.819,120.74
],[108.179,125.735],7.84
,linewidth);
line([108.179,122.967
],[112.031,126.819],7.84
,linewidth);
line([117.545,126.82
],[122.54,108.178],7.84
,linewidth);
line([126.818,112.458
],[108.179,117.453],7.84
,linewidth);
line([108.179,111.654
],[123.344,126.819],7.84
,linewidth);
line([125.828,126.819
],[126.819,123.119],7.84
,linewidth);
line([111.88,108.179
],[108.179,109.17],7.84
,linewidth);
line([108.1,126.9
],[126.9,126.9],8.12
,linewidth);
line([126.9,126.9],[126.9,117.5],8.12
,linewidth);
line([126.9,117.5],[126.9,108.1],8.12
,linewidth);
line([126.9,108.1],[108.1,108.1],8.12
,linewidth);
line([108.1,108.1],[108.1,126.9],8.12
,linewidth);
line([107.7,127.3
],[127.3,127.3],8.12
,linewidth);
line([127.3,127.3],[127.3,117.5],8.12
,linewidth);
line([127.3,117.5],[127.3,107.7],8.12
,linewidth);
line([127.3,107.7],[107.7,107.7],8.12
,linewidth);
line([107.7,107.7],[107.7,127.3],8.12
,linewidth);
line([109.058,126.819
],[114.053,108.178],8.12
,linewidth);
line([112.645,108.179
],[108.179,109.375],8.12
,linewidth);
line([108.179,111.374
],[123.624,126.819],8.12
,linewidth);
line([125.623,126.819
],[126.819,122.354],8.12
,linewidth);
line([126.819,120.945
],[108.179,125.94],8.12
,linewidth);
line([108.179,122.687
],[112.311,126.819],8.12
,linewidth);
line([117.34,126.82
],[122.335,108.178],8.12
,linewidth);
line([116.299,108.18
],[126.819,118.7],8.12
,linewidth);
line([126.818,112.663
],[108.179,117.658],8.12
,linewidth);
line([108.1,126.9
],[126.9,126.9],8.4
,linewidth);
line([126.9,126.9],[126.9,117.5],8.4
,linewidth);
line([126.9,117.5],[126.9,108.1],8.4
,linewidth);
line([126.9,108.1],[108.1,108.1],8.4
,linewidth);
line([108.1,108.1],[108.1,126.9],8.4
,linewidth);
line([107.7,127.3
],[127.3,127.3],8.4
,linewidth);
line([127.3,127.3],[127.3,117.5],8.4
,linewidth);
line([127.3,117.5],[127.3,107.7],8.4
,linewidth);
line([127.3,107.7],[107.7,107.7],8.4
,linewidth);
line([107.7,107.7],[107.7,127.3],8.4
,linewidth);
line([108.853,126.819
],[113.848,108.178],8.4
,linewidth);
line([113.41,108.179
],[108.179,109.58],8.4
,linewidth);
line([108.179,111.094
],[123.904,126.819],8.4
,linewidth);
line([125.418,126.819
],[126.819,121.589],8.4
,linewidth);
line([126.819,121.15
],[108.179,126.145],8.4
,linewidth);
line([108.179,122.407
],[112.591,126.819],8.4
,linewidth);
line([117.135,126.82
],[122.13,108.178],8.4
,linewidth);
line([116.579,108.18
],[126.819,118.42],8.4
,linewidth);
line([126.818,112.868
],[108.179,117.863],8.4
,linewidth);
line([108.1,126.9
],[126.9,126.9],8.68
,linewidth);
line([126.9,126.9],[126.9,117.5],8.68
,linewidth);
line([126.9,117.5],[126.9,108.1],8.68
,linewidth);
line([126.9,108.1],[108.1,108.1],8.68
,linewidth);
line([108.1,108.1],[108.1,126.9],8.68
,linewidth);
line([107.7,127.3
],[127.3,127.3],8.68
,linewidth);
line([127.3,127.3],[127.3,117.5],8.68
,linewidth);
line([127.3,117.5],[127.3,107.7],8.68
,linewidth);
line([127.3,107.7],[107.7,107.7],8.68
,linewidth);
line([107.7,107.7],[107.7,127.3],8.68
,linewidth);
line([108.648,126.819
],[113.643,108.178],8.68
,linewidth);
line([114.175,108.179
],[108.179,109.785],8.68
,linewidth);
line([108.179,110.814
],[124.184,126.819],8.68
,linewidth);
line([125.213,126.819
],[126.819,120.824],8.68
,linewidth);
line([126.819,121.355
],[108.179,126.35],8.68
,linewidth);
line([108.179,122.127
],[112.871,126.819],8.68
,linewidth);
line([116.93,126.82
],[121.925,108.178],8.68
,linewidth);
line([116.859,108.18
],[126.819,118.14],8.68
,linewidth);
line([126.818,113.073
],[108.179,118.068],8.68
,linewidth);
line([108.1,126.9
],[126.9,126.9],8.96
,linewidth);
line([126.9,126.9],[126.9,108.1],8.96
,linewidth);
line([126.9,108.1],[108.1,108.1],8.96
,linewidth);
line([108.1,108.1],[108.1,126.9],8.96
,linewidth);
line([107.7,127.3
],[127.3,127.3],8.96
,linewidth);
line([127.3,127.3],[127.3,107.7],8.96
,linewidth);
line([127.3,107.7],[107.7,107.7],8.96
,linewidth);
line([107.7,107.7],[107.7,127.3],8.96
,linewidth);
line([108.443,126.819
],[113.438,108.178],8.96
,linewidth);
line([114.94,108.179
],[108.179,109.99],8.96
,linewidth);
line([108.179,110.534
],[124.464,126.819],8.96
,linewidth);
line([125.008,126.819
],[126.819,120.059],8.96
,linewidth);
line([126.819,121.56
],[108.18,126.555],8.96
,linewidth);
line([108.179,121.847
],[113.151,126.819],8.96
,linewidth);
line([116.725,126.82
],[121.72,108.178],8.96
,linewidth);
line([117.139,108.18
],[126.819,117.86],8.96
,linewidth);
line([126.818,113.278
],[108.179,118.273],8.96
,linewidth);
line([108.1,126.9
],[126.9,126.9],9.24
,linewidth);
line([126.9,126.9],[126.9,117.5],9.24
,linewidth);
line([126.9,117.5],[126.9,108.1],9.24
,linewidth);
line([126.9,108.1],[108.1,108.1],9.24
,linewidth);
line([108.1,108.1],[108.1,126.9],9.24
,linewidth);
line([107.7,127.3
],[127.3,127.3],9.24
,linewidth);
line([127.3,127.3],[127.3,117.5],9.24
,linewidth);
line([127.3,117.5],[127.3,107.7],9.24
,linewidth);
line([127.3,107.7],[107.7,107.7],9.24
,linewidth);
line([107.7,107.7],[107.7,127.3],9.24
,linewidth);
line([108.238,126.819
],[113.233,108.178],9.24
,linewidth);
line([115.705,108.179
],[108.179,110.195],9.24
,linewidth);
line([108.179,110.195],[108.179,110.254
],9.24
,linewidth);
line([108.179,110.254
],[124.744,126.819],9.24
,linewidth);
line([124.744,126.819],[124.803,126.819
],9.24
,linewidth);
line([124.803,126.819
],[126.819,119.294],9.24
,linewidth);
line([126.819,117.58
],[117.419,108.18],9.24
,linewidth);
line([121.515,108.178
],[116.52,126.82],9.24
,linewidth);
line([113.431,126.819
],[108.179,121.567],9.24
,linewidth);
line([108.179,118.478
],[126.818,113.483],9.24
,linewidth);
line([126.819,121.765
],[108.18,126.76],9.24
,linewidth);
line([108.1,126.9
],[126.9,126.9],9.52
,linewidth);
line([126.9,126.9],[126.9,117.5],9.52
,linewidth);
line([126.9,117.5],[126.9,108.1],9.52
,linewidth);
line([126.9,108.1],[108.1,108.1],9.52
,linewidth);
line([108.1,108.1],[108.1,126.9],9.52
,linewidth);
line([107.7,127.3
],[127.3,127.3],9.52
,linewidth);
line([127.3,127.3],[127.3,117.5],9.52
,linewidth);
line([127.3,117.5],[127.3,107.7],9.52
,linewidth);
line([127.3,107.7],[107.7,107.7],9.52
,linewidth);
line([107.7,107.7],[107.7,127.3],9.52
,linewidth);
line([108.723,126.819
],[126.818,121.97],9.52
,linewidth);
line([126.819,118.529
],[124.598,126.819],9.52
,linewidth);
line([125.024,126.819
],[108.179,109.974],9.52
,linewidth);
line([108.179,110.4
],[116.47,108.179],9.52
,linewidth);
line([117.699,108.18
],[126.819,117.3],9.52
,linewidth);
line([126.819,113.688
],[108.179,118.683],9.52
,linewidth);
line([108.179,121.287
],[113.711,126.819],9.52
,linewidth);
line([116.315,126.82
],[121.31,108.178],9.52
,linewidth);
line([113.028,108.179
],[108.18,126.273],9.52
,linewidth);
line([108.1,126.9
],[126.9,126.9],9.8
,linewidth);
line([126.9,126.9],[126.9,117.5],9.8
,linewidth);
line([126.9,117.5],[126.9,108.1],9.8
,linewidth);
line([126.9,108.1],[108.1,108.1],9.8
,linewidth);
line([108.1,108.1],[108.1,126.9],9.8
,linewidth);
line([107.7,127.3
],[127.3,127.3],9.8
,linewidth);
line([127.3,127.3],[127.3,117.5],9.8
,linewidth);
line([127.3,117.5],[127.3,107.7],9.8
,linewidth);
line([127.3,107.7],[107.7,107.7],9.8
,linewidth);
line([107.7,107.7],[107.7,127.3],9.8
,linewidth);
line([109.489,126.819
],[126.818,122.175],9.8
,linewidth);
line([126.819,117.765
],[124.393,126.82],9.8
,linewidth);
line([125.304,126.819
],[108.179,109.694],9.8
,linewidth);
line([108.179,110.606
],[117.234,108.179],9.8
,linewidth);
line([117.979,108.18
],[126.819,117.02],9.8
,linewidth);
line([126.819,113.893
],[108.179,118.888],9.8
,linewidth);
line([108.179,121.007
],[113.991,126.819],9.8
,linewidth);
line([116.11,126.82
],[121.105,108.178],9.8
,linewidth);
line([112.823,108.179
],[108.18,125.508],9.8
,linewidth);
line([108.1,126.9
],[126.9,126.9],10.08
,linewidth);
line([126.9,126.9],[126.9,117.5],10.08
,linewidth);
line([126.9,117.5],[126.9,108.1],10.08
,linewidth);
line([126.9,108.1],[108.1,108.1],10.08
,linewidth);
line([108.1,108.1],[108.1,126.9],10.08
,linewidth);
line([107.7,127.3
],[127.3,127.3],10.08
,linewidth);
line([127.3,127.3],[127.3,117.5],10.08
,linewidth);
line([127.3,117.5],[127.3,107.7],10.08
,linewidth);
line([127.3,107.7],[107.7,107.7],10.08
,linewidth);
line([107.7,107.7],[107.7,127.3],10.08
,linewidth);
line([110.253,126.819
],[126.818,122.38],10.08
,linewidth);
line([125.584,126.819
],[108.179,109.414],10.08
,linewidth);
line([108.179,110.81
],[117.999,108.179],10.08
,linewidth);
line([118.259,108.18
],[126.819,116.74],10.08
,linewidth);
line([126.819,116.999
],[124.188,126.82],10.08
,linewidth);
line([115.905,126.819
],[120.9,108.178],10.08
,linewidth);
line([112.618,108.178
],[108.179,124.744],10.08
,linewidth);
line([108.179,120.727
],[114.271,126.819],10.08
,linewidth);
line([108.179,119.093
],[126.819,114.098],10.08
,linewidth);
line([108.1,126.9
],[126.9,126.9],10.36
,linewidth);
line([126.9,126.9],[126.9,108.1],10.36
,linewidth);
line([126.9,108.1],[108.1,108.1],10.36
,linewidth);
line([108.1,108.1],[108.1,126.9],10.36
,linewidth);
line([107.7,127.3
],[127.3,127.3],10.36
,linewidth);
line([127.3,127.3],[127.3,107.7],10.36
,linewidth);
line([127.3,107.7],[107.7,107.7],10.36
,linewidth);
line([107.7,107.7],[107.7,127.3],10.36
,linewidth);
line([111.018,126.819
],[126.818,122.585],10.36
,linewidth);
line([125.865,126.819
],[108.179,109.134],10.36
,linewidth);
line([108.179,111.015
],[118.764,108.179],10.36
,linewidth);
line([118.539,108.18
],[126.819,116.46],10.36
,linewidth);
line([126.819,116.234
],[123.983,126.82],10.36
,linewidth);
line([115.701,126.819
],[120.695,108.178],10.36
,linewidth);
line([112.413,108.178
],[108.179,123.979],10.36
,linewidth);
line([108.179,120.447
],[114.551,126.819],10.36
,linewidth);
line([108.179,119.298
],[126.819,114.303],10.36
,linewidth);
line([108.1,126.9
],[126.9,126.9],10.64
,linewidth);
line([126.9,126.9],[126.9,117.5],10.64
,linewidth);
line([126.9,117.5],[126.9,108.1],10.64
,linewidth);
line([126.9,108.1],[108.1,108.1],10.64
,linewidth);
line([108.1,108.1],[108.1,126.9],10.64
,linewidth);
line([107.7,127.3
],[127.3,127.3],10.64
,linewidth);
line([127.3,127.3],[127.3,117.5],10.64
,linewidth);
line([127.3,117.5],[127.3,107.7],10.64
,linewidth);
line([127.3,107.7],[107.7,107.7],10.64
,linewidth);
line([107.7,107.7],[107.7,127.3],10.64
,linewidth);
line([111.783,126.819
],[126.818,122.79],10.64
,linewidth);
line([126.145,126.819
],[108.179,108.854],10.64
,linewidth);
line([108.179,111.22
],[119.529,108.179],10.64
,linewidth);
line([118.819,108.18
],[126.819,116.18],10.64
,linewidth);
line([126.819,115.469
],[123.778,126.82],10.64
,linewidth);
line([115.496,126.819
],[120.49,108.178],10.64
,linewidth);
line([112.208,108.178
],[108.179,123.214],10.64
,linewidth);
line([108.179,120.167
],[114.831,126.819],10.64
,linewidth);
line([108.179,119.502
],[126.819,114.508],10.64
,linewidth);
line([108.1,126.9
],[126.9,126.9],10.92
,linewidth);
line([126.9,126.9],[126.9,117.5],10.92
,linewidth);
line([126.9,117.5],[126.9,108.1],10.92
,linewidth);
line([126.9,108.1],[108.1,108.1],10.92
,linewidth);
line([108.1,108.1],[108.1,126.9],10.92
,linewidth);
line([107.7,127.3
],[127.3,127.3],10.92
,linewidth);
line([127.3,127.3],[127.3,117.5],10.92
,linewidth);
line([127.3,117.5],[127.3,107.7],10.92
,linewidth);
line([127.3,107.7],[107.7,107.7],10.92
,linewidth);
line([107.7,107.7],[107.7,127.3],10.92
,linewidth);
line([112.548,126.819
],[126.818,122.995],10.92
,linewidth);
line([126.425,126.819
],[108.179,108.574],10.92
,linewidth);
line([108.179,111.425
],[120.294,108.179],10.92
,linewidth);
line([120.294,108.179],[120.286,108.178
],10.92
,linewidth);
line([120.286,108.178
],[115.291,126.819],10.92
,linewidth);
line([115.291,126.819],[115.111,126.819
],10.92
,linewidth);
line([115.111,126.819
],[108.179,119.887],10.92
,linewidth);
line([108.179,119.887],[108.179,119.707
],10.92
,linewidth);
line([108.179,119.707
],[126.819,114.713],10.92
,linewidth);
line([126.819,114.713],[126.819,114.704
],10.92
,linewidth);
line([126.819,114.704
],[123.573,126.82],10.92
,linewidth);
line([126.819,115.9
],[119.099,108.18],10.92
,linewidth);
line([112.003,108.178
],[108.179,122.449],10.92
,linewidth);
line([108.1,126.9
],[126.9,126.9],11.2
,linewidth);
line([126.9,126.9],[126.9,108.1],11.2
,linewidth);
line([126.9,108.1],[108.1,108.1],11.2
,linewidth);
line([108.1,108.1],[108.1,126.9],11.2
,linewidth);
line([107.7,127.3
],[127.3,127.3],11.2
,linewidth);
line([127.3,127.3],[127.3,107.7],11.2
,linewidth);
line([127.3,107.7],[107.7,107.7],11.2
,linewidth);
line([107.7,107.7],[107.7,127.3],11.2
,linewidth);
line([113.313,126.819
],[126.818,123.2],11.2
,linewidth);
line([126.705,126.819
],[108.179,108.294],11.2
,linewidth);
line([108.179,111.63
],[121.059,108.179],11.2
,linewidth);
line([120.081,108.178
],[115.086,126.819],11.2
,linewidth);
line([115.391,126.819
],[108.179,119.607],11.2
,linewidth);
line([108.179,119.912
],[126.819,114.918],11.2
,linewidth);
line([126.819,115.62
],[119.379,108.18],11.2
,linewidth);
line([111.798,108.178
],[108.179,121.684],11.2
,linewidth);
line([123.368,126.82
],[126.819,113.939],11.2
,linewidth);
line([108.1,126.9
],[126.9,126.9],11.48
,linewidth);
line([126.9,126.9],[126.9,117.5],11.48
,linewidth);
line([126.9,117.5],[126.9,108.1],11.48
,linewidth);
line([126.9,108.1],[108.1,108.1],11.48
,linewidth);
line([108.1,108.1],[108.1,126.9],11.48
,linewidth);
line([107.7,127.3
],[127.3,127.3],11.48
,linewidth);
line([127.3,127.3],[127.3,117.5],11.48
,linewidth);
line([127.3,117.5],[127.3,107.7],11.48
,linewidth);
line([127.3,107.7],[107.7,107.7],11.48
,linewidth);
line([107.7,107.7],[107.7,127.3],11.48
,linewidth);
line([114.078,126.819
],[126.819,123.405],11.48
,linewidth);
line([126.819,126.654
],[108.345,108.18],11.48
,linewidth);
line([111.593,108.178
],[108.179,120.919],11.48
,linewidth);
line([108.179,120.117
],[126.819,115.123],11.48
,linewidth);
line([126.819,115.34
],[119.659,108.18],11.48
,linewidth);
line([119.876,108.178
],[114.881,126.819],11.48
,linewidth);
line([115.671,126.819
],[108.179,119.327],11.48
,linewidth);
line([108.179,111.835
],[121.825,108.179],11.48
,linewidth);
line([126.819,113.174
],[123.163,126.82],11.48
,linewidth);
line([108.1,126.9
],[126.9,126.9],11.76
,linewidth);
line([126.9,126.9],[126.9,117.5],11.76
,linewidth);
line([126.9,117.5],[126.9,108.1],11.76
,linewidth);
line([126.9,108.1],[108.1,108.1],11.76
,linewidth);
line([108.1,108.1],[108.1,126.9],11.76
,linewidth);
line([107.7,127.3
],[127.3,127.3],11.76
,linewidth);
line([127.3,127.3],[127.3,117.5],11.76
,linewidth);
line([127.3,117.5],[127.3,107.7],11.76
,linewidth);
line([127.3,107.7],[107.7,107.7],11.76
,linewidth);
line([107.7,107.7],[107.7,127.3],11.76
,linewidth);
line([114.676,126.819
],[119.67,108.179],11.76
,linewidth);
line([119.939,108.18
],[126.819,115.06],11.76
,linewidth);
line([126.818,115.328
],[108.179,120.322],11.76
,linewidth);
line([108.179,120.322],[108.179,120.154
],11.76
,linewidth);
line([108.179,120.154
],[111.388,108.178],11.76
,linewidth);
line([108.625,108.18
],[126.819,126.374],11.76
,linewidth);
line([126.819,123.61
],[114.843,126.819],11.76
,linewidth);
line([115.951,126.819
],[108.179,119.047],11.76
,linewidth);
line([108.179,112.04
],[122.589,108.179],11.76
,linewidth);
line([126.819,112.41
],[122.958,126.82],11.76
,linewidth);
line([108.1,126.9
],[126.9,126.9],12.04
,linewidth);
line([126.9,126.9],[126.9,117.5],12.04
,linewidth);
line([126.9,117.5],[126.9,108.1],12.04
,linewidth);
line([126.9,108.1],[108.1,108.1],12.04
,linewidth);
line([108.1,108.1],[108.1,126.9],12.04
,linewidth);
line([107.7,127.3
],[127.3,127.3],12.04
,linewidth);
line([127.3,127.3],[127.3,117.5],12.04
,linewidth);
line([127.3,117.5],[127.3,107.7],12.04
,linewidth);
line([127.3,107.7],[107.7,107.7],12.04
,linewidth);
line([107.7,107.7],[107.7,127.3],12.04
,linewidth);
line([114.471,126.819
],[119.465,108.179],12.04
,linewidth);
line([120.219,108.18
],[126.819,114.78],12.04
,linewidth);
line([126.818,115.533
],[108.18,120.527],12.04
,linewidth);
line([108.179,119.39
],[111.183,108.178],12.04
,linewidth);
line([108.905,108.18
],[126.819,126.094],12.04
,linewidth);
line([126.819,123.815
],[115.607,126.819],12.04
,linewidth);
line([116.231,126.819
],[108.179,118.767],12.04
,linewidth);
line([108.179,112.245
],[123.354,108.179],12.04
,linewidth);
line([126.819,111.645
],[122.753,126.82],12.04
,linewidth);
line([108.1,126.9
],[126.9,126.9],12.32
,linewidth);
line([126.9,126.9],[126.9,117.5],12.32
,linewidth);
line([126.9,117.5],[126.9,108.1],12.32
,linewidth);
line([126.9,108.1],[108.1,108.1],12.32
,linewidth);
line([108.1,108.1],[108.1,126.9],12.32
,linewidth);
line([107.7,127.3
],[127.3,127.3],12.32
,linewidth);
line([127.3,127.3],[127.3,117.5],12.32
,linewidth);
line([127.3,117.5],[127.3,107.7],12.32
,linewidth);
line([127.3,107.7],[107.7,107.7],12.32
,linewidth);
line([107.7,107.7],[107.7,127.3],12.32
,linewidth);
line([114.266,126.819
],[119.26,108.179],12.32
,linewidth);
line([120.499,108.18
],[126.819,114.5],12.32
,linewidth);
line([126.818,115.738
],[108.18,120.732],12.32
,linewidth);
line([108.179,118.625
],[110.978,108.178],12.32
,linewidth);
line([109.185,108.18
],[126.819,125.814],12.32
,linewidth);
line([126.819,124.02
],[116.372,126.819],12.32
,linewidth);
line([116.372,126.819],[116.511,126.819
],12.32
,linewidth);
line([116.511,126.819
],[108.179,118.487],12.32
,linewidth);
line([108.179,112.45
],[124.119,108.179],12.32
,linewidth);
line([126.819,110.88
],[122.548,126.82],12.32
,linewidth);
line([108.1,126.9
],[126.9,126.9],12.6
,linewidth);
line([126.9,126.9],[126.9,117.5],12.6
,linewidth);
line([126.9,117.5],[126.9,108.1],12.6
,linewidth);
line([126.9,108.1],[108.1,108.1],12.6
,linewidth);
line([108.1,108.1],[108.1,126.9],12.6
,linewidth);
line([107.7,127.3
],[127.3,127.3],12.6
,linewidth);
line([127.3,127.3],[127.3,117.5],12.6
,linewidth);
line([127.3,117.5],[127.3,107.7],12.6
,linewidth);
line([127.3,107.7],[107.7,107.7],12.6
,linewidth);
line([107.7,107.7],[107.7,127.3],12.6
,linewidth);
line([114.061,126.819
],[119.055,108.179],12.6
,linewidth);
line([120.779,108.18
],[126.819,114.22],12.6
,linewidth);
line([126.818,115.943
],[108.18,120.937],12.6
,linewidth);
line([108.179,118.207
],[116.791,126.819],12.6
,linewidth);
line([117.137,126.819
],[126.819,124.225],12.6
,linewidth);
line([126.819,125.534
],[109.465,108.18],12.6
,linewidth);
line([110.773,108.178
],[108.179,117.859],12.6
,linewidth);
line([108.179,112.655
],[124.884,108.179],12.6
,linewidth);
line([126.819,110.115
],[122.343,126.82],12.6
,linewidth);
line([108.1,126.9
],[126.9,126.9],12.88
,linewidth);
line([126.9,126.9],[126.9,117.5],12.88
,linewidth);
line([126.9,117.5],[126.9,108.1],12.88
,linewidth);
line([126.9,108.1],[108.1,108.1],12.88
,linewidth);
line([108.1,108.1],[108.1,126.9],12.88
,linewidth);
line([107.7,127.3
],[127.3,127.3],12.88
,linewidth);
line([127.3,127.3],[127.3,117.5],12.88
,linewidth);
line([127.3,117.5],[127.3,107.7],12.88
,linewidth);
line([127.3,107.7],[107.7,107.7],12.88
,linewidth);
line([107.7,107.7],[107.7,127.3],12.88
,linewidth);
line([113.856,126.819
],[118.85,108.179],12.88
,linewidth);
line([121.059,108.18
],[126.819,113.94],12.88
,linewidth);
line([126.818,116.148
],[108.18,121.142],12.88
,linewidth);
line([108.179,117.927
],[117.071,126.819],12.88
,linewidth);
line([117.902,126.819
],[126.819,124.43],12.88
,linewidth);
line([126.819,125.254
],[109.745,108.18],12.88
,linewidth);
line([110.568,108.178
],[108.179,117.094],12.88
,linewidth);
line([108.179,112.86
],[125.649,108.179],12.88
,linewidth);
line([126.819,109.35
],[122.138,126.82],12.88
,linewidth);
line([108.1,126.9
],[126.9,126.9],13.16
,linewidth);
line([126.9,126.9],[126.9,108.1],13.16
,linewidth);
line([126.9,108.1],[108.1,108.1],13.16
,linewidth);
line([108.1,108.1],[108.1,126.9],13.16
,linewidth);
line([107.7,127.3
],[127.3,127.3],13.16
,linewidth);
line([127.3,127.3],[127.3,107.7],13.16
,linewidth);
line([127.3,107.7],[107.7,107.7],13.16
,linewidth);
line([107.7,107.7],[107.7,127.3],13.16
,linewidth);
line([113.651,126.82
],[118.645,108.178],13.16
,linewidth);
line([121.339,108.18
],[126.819,113.66],13.16
,linewidth);
line([126.818,116.353
],[108.179,121.347],13.16
,linewidth);
line([108.179,117.647
],[117.351,126.819],13.16
,linewidth);
line([118.667,126.819
],[126.819,124.635],13.16
,linewidth);
line([126.819,124.974
],[110.025,108.18],13.16
,linewidth);
line([110.363,108.178
],[108.179,116.329],13.16
,linewidth);
line([108.179,113.065
],[126.414,108.179],13.16
,linewidth);
line([126.819,108.585
],[121.933,126.819],13.16
,linewidth);
line([108.1,126.9
],[126.9,126.9],13.44
,linewidth);
line([126.9,126.9],[126.9,117.5],13.44
,linewidth);
line([126.9,117.5],[126.9,108.1],13.44
,linewidth);
line([126.9,108.1],[108.1,108.1],13.44
,linewidth);
line([108.1,108.1],[108.1,126.9],13.44
,linewidth);
line([107.7,127.3
],[127.3,127.3],13.44
,linewidth);
line([127.3,127.3],[127.3,117.5],13.44
,linewidth);
line([127.3,117.5],[127.3,107.7],13.44
,linewidth);
line([127.3,107.7],[107.7,107.7],13.44
,linewidth);
line([107.7,107.7],[107.7,127.3],13.44
,linewidth);
line([113.446,126.82
],[118.441,108.178],13.44
,linewidth);
line([121.619,108.18
],[126.819,113.38],13.44
,linewidth);
line([126.818,116.558
],[108.179,121.552],13.44
,linewidth);
line([108.179,117.367
],[117.631,126.819],13.44
,linewidth);
line([119.432,126.819
],[126.819,124.84],13.44
,linewidth);
line([126.819,124.84],[126.819,124.694
],13.44
,linewidth);
line([126.819,124.694
],[110.305,108.18],13.44
,linewidth);
line([110.305,108.18],[110.158,108.178
],13.44
,linewidth);
line([110.158,108.178
],[108.179,115.564],13.44
,linewidth);
line([108.179,113.27
],[126.819,108.276],13.44
,linewidth);
line([126.819,108.276],[126.723,108.178
],13.44
,linewidth);
line([126.723,108.178
],[121.728,126.819],13.44
,linewidth);
line([108.1,126.9
],[126.9,126.9],13.72
,linewidth);
line([126.9,126.9],[126.9,117.5],13.72
,linewidth);
line([126.9,117.5],[126.9,108.1],13.72
,linewidth);
line([126.9,108.1],[108.1,108.1],13.72
,linewidth);
line([108.1,108.1],[108.1,126.9],13.72
,linewidth);
line([107.7,127.3
],[127.3,127.3],13.72
,linewidth);
line([127.3,127.3],[127.3,117.5],13.72
,linewidth);
line([127.3,117.5],[127.3,107.7],13.72
,linewidth);
line([127.3,107.7],[107.7,107.7],13.72
,linewidth);
line([107.7,107.7],[107.7,127.3],13.72
,linewidth);
line([113.241,126.82
],[118.236,108.178],13.72
,linewidth);
line([121.899,108.18
],[126.819,113.1],13.72
,linewidth);
line([126.818,116.763
],[108.179,121.757],13.72
,linewidth);
line([108.179,117.087
],[117.911,126.819],13.72
,linewidth);
line([120.198,126.819
],[126.819,125.045],13.72
,linewidth);
line([126.819,124.414
],[110.585,108.18],13.72
,linewidth);
line([109.953,108.178
],[108.179,114.799],13.72
,linewidth);
line([108.179,113.475
],[126.819,108.481],13.72
,linewidth);
line([126.518,108.178
],[121.523,126.819],13.72
,linewidth);
line([108.1,126.9
],[126.9,126.9],14
,linewidth);
line([126.9,126.9],[126.9,117.5],14
,linewidth);
line([126.9,117.5],[126.9,108.1],14
,linewidth);
line([126.9,108.1],[108.1,108.1],14
,linewidth);
line([108.1,108.1],[108.1,126.9],14
,linewidth);
line([107.7,127.3
],[127.3,127.3],14
,linewidth);
line([127.3,127.3],[127.3,117.5],14
,linewidth);
line([127.3,117.5],[127.3,107.7],14
,linewidth);
line([127.3,107.7],[107.7,107.7],14
,linewidth);
line([107.7,107.7],[107.7,127.3],14
,linewidth);
line([113.036,126.82
],[118.031,108.178],14
,linewidth);
line([122.179,108.18
],[126.819,112.82],14
,linewidth);
line([126.818,108.686
],[108.179,113.68],14
,linewidth);
line([108.179,114.035
],[109.749,108.178],14
,linewidth);
line([110.865,108.18
],[126.819,124.134],14
,linewidth);
line([126.819,125.25
],[120.962,126.819],14
,linewidth);
line([121.318,126.819
],[126.313,108.179],14
,linewidth);
line([126.818,116.968
],[108.179,121.962],14
,linewidth);
line([108.179,116.807
],[118.191,126.819],14
,linewidth);
line([108.1,126.9
],[126.9,126.9],14.28
,linewidth);
line([126.9,126.9],[126.9,117.5],14.28
,linewidth);
line([126.9,117.5],[126.9,108.1],14.28
,linewidth);
line([126.9,108.1],[108.1,108.1],14.28
,linewidth);
line([108.1,108.1],[108.1,126.9],14.28
,linewidth);
line([107.7,127.3
],[127.3,127.3],14.28
,linewidth);
line([127.3,127.3],[127.3,117.5],14.28
,linewidth);
line([127.3,117.5],[127.3,107.7],14.28
,linewidth);
line([127.3,107.7],[107.7,107.7],14.28
,linewidth);
line([107.7,107.7],[107.7,127.3],14.28
,linewidth);
line([112.831,126.82
],[117.826,108.178],14.28
,linewidth);
line([122.459,108.18
],[126.819,112.54],14.28
,linewidth);
line([126.818,108.891
],[108.179,113.885],14.28
,linewidth);
line([108.179,113.27
],[109.544,108.178],14.28
,linewidth);
line([111.145,108.18
],[126.819,123.853],14.28
,linewidth);
line([126.819,125.455
],[121.727,126.819],14.28
,linewidth);
line([121.113,126.819
],[126.108,108.179],14.28
,linewidth);
line([126.818,117.173
],[108.179,122.167],14.28
,linewidth);
line([108.179,116.527
],[118.471,126.819],14.28
,linewidth);
line([108.1,126.9
],[126.9,126.9],14.56
,linewidth);
line([126.9,126.9],[126.9,117.5],14.56
,linewidth);
line([126.9,117.5],[126.9,108.1],14.56
,linewidth);
line([126.9,108.1],[108.1,108.1],14.56
,linewidth);
line([108.1,108.1],[108.1,126.9],14.56
,linewidth);
line([107.7,127.3
],[127.3,127.3],14.56
,linewidth);
line([127.3,127.3],[127.3,117.5],14.56
,linewidth);
line([127.3,117.5],[127.3,107.7],14.56
,linewidth);
line([127.3,107.7],[107.7,107.7],14.56
,linewidth);
line([107.7,107.7],[107.7,127.3],14.56
,linewidth);
line([112.626,126.82
],[117.621,108.178],14.56
,linewidth);
line([122.739,108.18
],[126.819,112.26],14.56
,linewidth);
line([126.818,109.096
],[108.179,114.09],14.56
,linewidth);
line([108.179,112.505
],[109.339,108.178],14.56
,linewidth);
line([111.425,108.18
],[126.819,123.573],14.56
,linewidth);
line([126.819,125.66
],[122.492,126.819],14.56
,linewidth);
line([120.908,126.819
],[125.903,108.179],14.56
,linewidth);
line([126.819,117.378
],[108.179,122.372],14.56
,linewidth);
line([108.179,116.247
],[118.751,126.819],14.56
,linewidth);
line([108.1,126.9
],[126.9,126.9],14.84
,linewidth);
line([126.9,126.9],[126.9,117.5],14.84
,linewidth);
line([126.9,117.5],[126.9,108.1],14.84
,linewidth);
line([126.9,108.1],[108.1,108.1],14.84
,linewidth);
line([108.1,108.1],[108.1,126.9],14.84
,linewidth);
line([107.7,127.3
],[127.3,127.3],14.84
,linewidth);
line([127.3,127.3],[127.3,117.5],14.84
,linewidth);
line([127.3,117.5],[127.3,107.7],14.84
,linewidth);
line([127.3,107.7],[107.7,107.7],14.84
,linewidth);
line([107.7,107.7],[107.7,127.3],14.84
,linewidth);
line([112.421,126.82
],[117.416,108.178],14.84
,linewidth);
line([123.019,108.18
],[126.819,111.98],14.84
,linewidth);
line([126.818,109.301
],[108.179,114.295],14.84
,linewidth);
line([108.179,115.967
],[119.031,126.819],14.84
,linewidth);
line([120.703,126.819
],[125.698,108.179],14.84
,linewidth);
line([126.819,117.583
],[108.179,122.577],14.84
,linewidth);
line([108.179,111.74
],[109.134,108.178],14.84
,linewidth);
line([111.705,108.18
],[126.819,123.293],14.84
,linewidth);
line([126.819,125.865
],[123.257,126.819],14.84
,linewidth);
line([108.1,126.9
],[126.9,126.9],15.12
,linewidth);
line([126.9,126.9],[126.9,117.5],15.12
,linewidth);
line([126.9,117.5],[126.9,108.1],15.12
,linewidth);
line([126.9,108.1],[108.1,108.1],15.12
,linewidth);
line([108.1,108.1],[108.1,126.9],15.12
,linewidth);
line([107.7,127.3
],[127.3,127.3],15.12
,linewidth);
line([127.3,127.3],[127.3,117.5],15.12
,linewidth);
line([127.3,117.5],[127.3,107.7],15.12
,linewidth);
line([127.3,107.7],[107.7,107.7],15.12
,linewidth);
line([107.7,107.7],[107.7,127.3],15.12
,linewidth);
line([112.216,126.819
],[117.211,108.178],15.12
,linewidth);
line([111.985,108.18
],[126.819,123.013],15.12
,linewidth);
line([126.818,126.07
],[124.022,126.819],15.12
,linewidth);
line([120.498,126.819
],[125.493,108.179],15.12
,linewidth);
line([126.818,109.506
],[108.18,114.5],15.12
,linewidth);
line([108.179,115.687
],[119.311,126.819],15.12
,linewidth);
line([126.819,117.788
],[108.179,122.782],15.12
,linewidth);
line([108.179,110.975
],[108.928,108.178],15.12
,linewidth);
line([123.299,108.18
],[126.819,111.7],15.12
,linewidth);
line([108.1,126.9
],[126.9,126.9],15.4
,linewidth);
line([126.9,126.9],[126.9,117.5],15.4
,linewidth);
line([126.9,117.5],[126.9,108.1],15.4
,linewidth);
line([126.9,108.1],[108.1,108.1],15.4
,linewidth);
line([108.1,108.1],[108.1,126.9],15.4
,linewidth);
line([107.7,127.3
],[127.3,127.3],15.4
,linewidth);
line([127.3,127.3],[127.3,117.5],15.4
,linewidth);
line([127.3,117.5],[127.3,107.7],15.4
,linewidth);
line([127.3,107.7],[107.7,107.7],15.4
,linewidth);
line([107.7,107.7],[107.7,127.3],15.4
,linewidth);
line([108.277,126.819
],[108.179,126.721],15.4
,linewidth);
line([108.179,122.987
],[126.819,117.993],15.4
,linewidth);
line([126.819,122.733
],[112.265,108.18],15.4
,linewidth);
line([108.723,108.178
],[108.179,110.21],15.4
,linewidth);
line([108.179,114.705
],[126.818,109.711],15.4
,linewidth);
line([126.819,111.42
],[123.579,108.18],15.4
,linewidth);
line([125.288,108.179
],[120.293,126.82],15.4
,linewidth);
line([119.591,126.819
],[108.179,115.407],15.4
,linewidth);
line([117.006,108.178
],[112.011,126.819],15.4
,linewidth);
line([124.787,126.819
],[126.818,126.275],15.4
,linewidth);
line([108.1,126.9
],[126.9,126.9],15.68
,linewidth);
line([126.9,126.9],[126.9,117.5],15.68
,linewidth);
line([126.9,117.5],[126.9,108.1],15.68
,linewidth);
line([126.9,108.1],[108.1,108.1],15.68
,linewidth);
line([108.1,108.1],[108.1,126.9],15.68
,linewidth);
line([107.7,127.3
],[127.3,127.3],15.68
,linewidth);
line([127.3,127.3],[127.3,117.5],15.68
,linewidth);
line([127.3,117.5],[127.3,107.7],15.68
,linewidth);
line([127.3,107.7],[107.7,107.7],15.68
,linewidth);
line([107.7,107.7],[107.7,127.3],15.68
,linewidth);
line([108.557,126.819
],[108.179,126.441],15.68
,linewidth);
line([108.179,123.192
],[126.819,118.198],15.68
,linewidth);
line([126.819,122.453
],[112.545,108.18],15.68
,linewidth);
line([108.518,108.178
],[108.179,109.445],15.68
,linewidth);
line([108.179,114.91
],[126.818,109.916],15.68
,linewidth);
line([126.819,111.14
],[123.859,108.18],15.68
,linewidth);
line([125.083,108.179
],[120.088,126.82],15.68
,linewidth);
line([119.871,126.819
],[108.179,115.127],15.68
,linewidth);
line([116.801,108.178
],[111.806,126.819],15.68
,linewidth);
line([125.552,126.819
],[126.818,126.48],15.68
,linewidth);
line([108.1,126.9
],[126.9,126.9],15.96
,linewidth);
line([126.9,126.9],[126.9,117.5],15.96
,linewidth);
line([126.9,117.5],[126.9,108.1],15.96
,linewidth);
line([126.9,108.1],[108.1,108.1],15.96
,linewidth);
line([108.1,108.1],[108.1,126.9],15.96
,linewidth);
line([107.7,127.3
],[127.3,127.3],15.96
,linewidth);
line([127.3,127.3],[127.3,117.5],15.96
,linewidth);
line([127.3,117.5],[127.3,107.7],15.96
,linewidth);
line([127.3,107.7],[107.7,107.7],15.96
,linewidth);
line([107.7,107.7],[107.7,127.3],15.96
,linewidth);
line([108.837,126.819
],[108.179,126.161],15.96
,linewidth);
line([108.179,123.397
],[126.819,118.403],15.96
,linewidth);
line([126.819,122.173
],[112.825,108.18],15.96
,linewidth);
line([116.596,108.178
],[111.601,126.819],15.96
,linewidth);
line([119.883,126.82
],[124.878,108.179],15.96
,linewidth);
line([124.139,108.18
],[126.819,110.86],15.96
,linewidth);
line([126.818,110.121
],[108.179,115.115],15.96
,linewidth);
line([108.179,114.847
],[120.151,126.819],15.96
,linewidth);
line([126.316,126.82
],[126.818,126.685],15.96
,linewidth);
line([108.179,108.681
],[108.313,108.178],15.96
,linewidth);
line([108.1,126.9
],[126.9,126.9],16.24
,linewidth);
line([126.9,126.9],[126.9,117.5],16.24
,linewidth);
line([126.9,117.5],[126.9,108.1],16.24
,linewidth);
line([126.9,108.1],[108.1,108.1],16.24
,linewidth);
line([108.1,108.1],[108.1,126.9],16.24
,linewidth);
line([107.7,127.3
],[127.3,127.3],16.24
,linewidth);
line([127.3,127.3],[127.3,117.5],16.24
,linewidth);
line([127.3,117.5],[127.3,107.7],16.24
,linewidth);
line([127.3,107.7],[107.7,107.7],16.24
,linewidth);
line([107.7,107.7],[107.7,127.3],16.24
,linewidth);
line([109.117,126.819
],[108.179,125.881],16.24
,linewidth);
line([108.179,123.602
],[126.819,118.608],16.24
,linewidth);
line([126.819,121.893
],[113.105,108.18],16.24
,linewidth);
line([116.391,108.178
],[111.396,126.819],16.24
,linewidth);
line([119.678,126.82
],[124.673,108.178],16.24
,linewidth);
line([124.419,108.18
],[126.819,110.58],16.24
,linewidth);
line([126.818,110.326
],[108.179,115.32],16.24
,linewidth);
line([108.179,114.567
],[120.431,126.819],16.24
,linewidth);
line([108.1,126.9
],[126.9,126.9],16.52
,linewidth);
line([126.9,126.9],[126.9,117.5],16.52
,linewidth);
line([126.9,117.5],[126.9,108.1],16.52
,linewidth);
line([126.9,108.1],[108.1,108.1],16.52
,linewidth);
line([108.1,108.1],[108.1,126.9],16.52
,linewidth);
line([107.7,127.3
],[127.3,127.3],16.52
,linewidth);
line([127.3,127.3],[127.3,117.5],16.52
,linewidth);
line([127.3,117.5],[127.3,107.7],16.52
,linewidth);
line([127.3,107.7],[107.7,107.7],16.52
,linewidth);
line([107.7,107.7],[107.7,127.3],16.52
,linewidth);
line([109.397,126.819
],[108.179,125.601],16.52
,linewidth);
line([108.179,123.807
],[126.819,118.813],16.52
,linewidth);
line([126.819,121.613
],[113.385,108.18],16.52
,linewidth);
line([116.186,108.178
],[111.191,126.819],16.52
,linewidth);
line([119.473,126.82
],[124.468,108.178],16.52
,linewidth);
line([124.699,108.18
],[126.819,110.3],16.52
,linewidth);
line([126.818,110.531
],[108.179,115.525],16.52
,linewidth);
line([108.179,114.287
],[120.711,126.819],16.52
,linewidth);
line([108.1,126.9
],[126.9,126.9],16.8
,linewidth);
line([126.9,126.9],[126.9,117.5],16.8
,linewidth);
line([126.9,117.5],[126.9,108.1],16.8
,linewidth);
line([126.9,108.1],[108.1,108.1],16.8
,linewidth);
line([108.1,108.1],[108.1,126.9],16.8
,linewidth);
line([107.7,127.3
],[127.3,127.3],16.8
,linewidth);
line([127.3,127.3],[127.3,117.5],16.8
,linewidth);
line([127.3,117.5],[127.3,107.7],16.8
,linewidth);
line([127.3,107.7],[107.7,107.7],16.8
,linewidth);
line([107.7,107.7],[107.7,127.3],16.8
,linewidth);
line([109.677,126.819
],[108.179,125.321],16.8
,linewidth);
line([108.179,124.012
],[126.819,119.018],16.8
,linewidth);
line([126.819,121.333
],[113.666,108.18],16.8
,linewidth);
line([115.981,108.178
],[110.986,126.819],16.8
,linewidth);
line([119.268,126.82
],[124.263,108.178],16.8
,linewidth);
line([124.979,108.18
],[126.819,110.02],16.8
,linewidth);
line([126.818,110.736
],[108.179,115.73],16.8
,linewidth);
line([108.179,114.007
],[120.991,126.819],16.8
,linewidth);
line([108.1,126.9
],[126.9,126.9],17.08
,linewidth);
line([126.9,126.9],[126.9,117.5],17.08
,linewidth);
line([126.9,117.5],[126.9,108.1],17.08
,linewidth);
line([126.9,108.1],[108.1,108.1],17.08
,linewidth);
line([108.1,108.1],[108.1,126.9],17.08
,linewidth);
line([107.7,127.3
],[127.3,127.3],17.08
,linewidth);
line([127.3,127.3],[127.3,117.5],17.08
,linewidth);
line([127.3,117.5],[127.3,107.7],17.08
,linewidth);
line([127.3,107.7],[107.7,107.7],17.08
,linewidth);
line([107.7,107.7],[107.7,127.3],17.08
,linewidth);
line([109.957,126.819
],[108.179,125.041],17.08
,linewidth);
line([108.18,124.217
],[126.819,119.223],17.08
,linewidth);
line([126.819,121.053
],[113.946,108.18],17.08
,linewidth);
line([115.776,108.178
],[110.781,126.819],17.08
,linewidth);
line([119.063,126.82
],[124.058,108.178],17.08
,linewidth);
line([125.259,108.18
],[126.819,109.74],17.08
,linewidth);
line([126.818,110.941
],[108.179,115.935],17.08
,linewidth);
line([108.179,113.727
],[121.271,126.819],17.08
,linewidth);
line([108.1,126.9
],[126.9,126.9],17.36
,linewidth);
line([126.9,126.9],[126.9,117.5],17.36
,linewidth);
line([126.9,117.5],[126.9,108.1],17.36
,linewidth);
line([126.9,108.1],[108.1,108.1],17.36
,linewidth);
line([108.1,108.1],[108.1,126.9],17.36
,linewidth);
line([107.7,127.3
],[127.3,127.3],17.36
,linewidth);
line([127.3,127.3],[127.3,117.5],17.36
,linewidth);
line([127.3,117.5],[127.3,107.7],17.36
,linewidth);
line([127.3,107.7],[107.7,107.7],17.36
,linewidth);
line([107.7,107.7],[107.7,127.3],17.36
,linewidth);
line([110.237,126.819
],[108.179,124.761],17.36
,linewidth);
line([108.18,124.422
],[126.818,119.428],17.36
,linewidth);
line([126.819,120.773
],[114.226,108.18],17.36
,linewidth);
line([115.571,108.179
],[110.576,126.819],17.36
,linewidth);
line([118.858,126.82
],[123.853,108.178],17.36
,linewidth);
line([125.539,108.18
],[126.819,109.46],17.36
,linewidth);
line([126.818,111.146
],[108.179,116.14],17.36
,linewidth);
line([108.179,113.447
],[121.551,126.819],17.36
,linewidth);
line([108.1,126.9
],[126.9,126.9],17.64
,linewidth);
line([126.9,126.9],[126.9,117.5],17.64
,linewidth);
line([126.9,117.5],[126.9,108.1],17.64
,linewidth);
line([126.9,108.1],[108.1,108.1],17.64
,linewidth);
line([108.1,108.1],[108.1,126.9],17.64
,linewidth);
line([107.7,127.3
],[127.3,127.3],17.64
,linewidth);
line([127.3,127.3],[127.3,117.5],17.64
,linewidth);
line([127.3,117.5],[127.3,107.7],17.64
,linewidth);
line([127.3,107.7],[107.7,107.7],17.64
,linewidth);
line([107.7,107.7],[107.7,127.3],17.64
,linewidth);
line([110.371,126.819
],[115.366,108.179],17.64
,linewidth);
line([114.506,108.18
],[126.819,120.493],17.64
,linewidth);
line([126.818,119.633
],[108.18,124.627],17.64
,linewidth);
line([108.18,124.627],[108.179,124.481
],17.64
,linewidth);
line([108.179,124.481
],[110.517,126.819],17.64
,linewidth);
line([118.653,126.82
],[123.648,108.178],17.64
,linewidth);
line([125.819,108.18
],[126.819,109.18],17.64
,linewidth);
line([126.819,111.351
],[108.179,116.345],17.64
,linewidth);
line([108.179,113.167
],[121.831,126.819],17.64
,linewidth);
line([108.1,126.9
],[126.9,126.9],17.92
,linewidth);
line([126.9,126.9],[126.9,117.5],17.92
,linewidth);
line([126.9,117.5],[126.9,108.1],17.92
,linewidth);
line([126.9,108.1],[108.1,108.1],17.92
,linewidth);
line([108.1,108.1],[108.1,126.9],17.92
,linewidth);
line([107.7,127.3
],[127.3,127.3],17.92
,linewidth);
line([127.3,127.3],[127.3,117.5],17.92
,linewidth);
line([127.3,117.5],[127.3,107.7],17.92
,linewidth);
line([127.3,107.7],[107.7,107.7],17.92
,linewidth);
line([107.7,107.7],[107.7,127.3],17.92
,linewidth);
line([110.166,126.819
],[115.161,108.179],17.92
,linewidth);
line([114.786,108.18
],[126.819,120.213],17.92
,linewidth);
line([126.818,119.838
],[108.18,124.832],17.92
,linewidth);
line([108.179,124.201
],[110.797,126.819],17.92
,linewidth);
line([118.448,126.82
],[123.443,108.178],17.92
,linewidth);
line([126.099,108.18
],[126.819,108.9],17.92
,linewidth);
line([126.819,111.555
],[108.179,116.55],17.92
,linewidth);
line([108.179,112.887
],[122.111,126.819],17.92
,linewidth);
line([126.73,126.82
],[126.819,126.488],17.92
,linewidth);
line([108.511,108.179
],[108.179,108.268],17.92
,linewidth);
line([108.1,126.9
],[126.9,126.9],18.2
,linewidth);
line([126.9,126.9],[126.9,117.5],18.2
,linewidth);
line([126.9,117.5],[126.9,108.1],18.2
,linewidth);
line([126.9,108.1],[108.1,108.1],18.2
,linewidth);
line([108.1,108.1],[108.1,126.9],18.2
,linewidth);
line([107.7,127.3
],[127.3,127.3],18.2
,linewidth);
line([127.3,127.3],[127.3,117.5],18.2
,linewidth);
line([127.3,117.5],[127.3,107.7],18.2
,linewidth);
line([127.3,107.7],[107.7,107.7],18.2
,linewidth);
line([107.7,107.7],[107.7,127.3],18.2
,linewidth);
line([109.961,126.819
],[114.956,108.178],18.2
,linewidth);
line([114.956,108.178],[115.066,108.18
],18.2
,linewidth);
line([115.066,108.18
],[126.819,119.933],18.2
,linewidth);
line([126.819,119.933],[126.818,120.043
],18.2
,linewidth);
line([126.818,120.043
],[108.18,125.037],18.2
,linewidth);
line([108.179,123.921
],[111.077,126.819],18.2
,linewidth);
line([118.243,126.819
],[123.238,108.178],18.2
,linewidth);
line([126.379,108.18
],[126.819,108.62],18.2
,linewidth);
line([126.819,111.76
],[108.179,116.755],18.2
,linewidth);
line([108.179,112.607
],[122.391,126.819],18.2
,linewidth);
line([126.525,126.82
],[126.819,125.723],18.2
,linewidth);
line([109.276,108.179
],[108.179,108.473],18.2
,linewidth);
line([108.1,126.9
],[126.9,126.9],18.48
,linewidth);
line([126.9,126.9],[126.9,117.5],18.48
,linewidth);
line([126.9,117.5],[126.9,108.1],18.48
,linewidth);
line([126.9,108.1],[108.1,108.1],18.48
,linewidth);
line([108.1,108.1],[108.1,126.9],18.48
,linewidth);
line([107.7,127.3
],[127.3,127.3],18.48
,linewidth);
line([127.3,127.3],[127.3,117.5],18.48
,linewidth);
line([127.3,117.5],[127.3,107.7],18.48
,linewidth);
line([127.3,107.7],[107.7,107.7],18.48
,linewidth);
line([107.7,107.7],[107.7,127.3],18.48
,linewidth);
line([109.756,126.819
],[114.751,108.178],18.48
,linewidth);
line([115.346,108.18
],[126.819,119.653],18.48
,linewidth);
line([126.818,120.248
],[108.18,125.242],18.48
,linewidth);
line([108.179,123.641
],[111.358,126.819],18.48
,linewidth);
line([118.038,126.819
],[123.033,108.178],18.48
,linewidth);
line([126.659,108.18
],[126.819,108.34],18.48
,linewidth);
line([126.819,111.965
],[108.179,116.96],18.48
,linewidth);
line([108.179,112.327
],[122.671,126.819],18.48
,linewidth);
line([126.32,126.82
],[126.819,124.958],18.48
,linewidth);
line([110.041,108.179
],[108.179,108.678],18.48
,linewidth);
line([108.1,126.9
],[126.9,126.9],18.76
,linewidth);
line([126.9,126.9],[126.9,117.5],18.76
,linewidth);
line([126.9,117.5],[126.9,108.1],18.76
,linewidth);
line([126.9,108.1],[108.1,108.1],18.76
,linewidth);
line([108.1,108.1],[108.1,126.9],18.76
,linewidth);
line([107.7,127.3
],[127.3,127.3],18.76
,linewidth);
line([127.3,127.3],[127.3,117.5],18.76
,linewidth);
line([127.3,117.5],[127.3,107.7],18.76
,linewidth);
line([127.3,107.7],[107.7,107.7],18.76
,linewidth);
line([107.7,107.7],[107.7,127.3],18.76
,linewidth);
line([109.551,126.819
],[114.546,108.178],18.76
,linewidth);
line([115.626,108.18
],[126.819,119.373],18.76
,linewidth);
line([126.818,120.453
],[108.18,125.447],18.76
,linewidth);
line([108.179,123.361
],[111.638,126.819],18.76
,linewidth);
line([117.833,126.819
],[122.828,108.178],18.76
,linewidth);
line([126.819,112.17
],[108.179,117.165],18.76
,linewidth);
line([108.179,112.047
],[122.951,126.819],18.76
,linewidth);
line([126.115,126.82
],[126.819,124.193],18.76
,linewidth);
line([110.806,108.179
],[108.179,108.883],18.76
,linewidth);
line([108.1,126.9
],[126.9,126.9],19.04
,linewidth);
line([126.9,126.9],[126.9,117.5],19.04
,linewidth);
line([126.9,117.5],[126.9,108.1],19.04
,linewidth);
line([126.9,108.1],[108.1,108.1],19.04
,linewidth);
line([108.1,108.1],[108.1,126.9],19.04
,linewidth);
line([107.7,127.3
],[127.3,127.3],19.04
,linewidth);
line([127.3,127.3],[127.3,117.5],19.04
,linewidth);
line([127.3,117.5],[127.3,107.7],19.04
,linewidth);
line([127.3,107.7],[107.7,107.7],19.04
,linewidth);
line([107.7,107.7],[107.7,127.3],19.04
,linewidth);
line([109.346,126.82
],[114.341,108.178],19.04
,linewidth);
line([115.906,108.18
],[126.819,119.093],19.04
,linewidth);
line([126.818,120.658
],[108.179,125.652],19.04
,linewidth);
line([108.179,123.081
],[111.918,126.819],19.04
,linewidth);
line([117.628,126.819
],[122.623,108.178],19.04
,linewidth);
line([126.819,112.375
],[108.179,117.37],19.04
,linewidth);
line([108.179,111.767
],[123.231,126.819],19.04
,linewidth);
line([125.91,126.82
],[126.819,123.428],19.04
,linewidth);
line([111.571,108.179
],[108.179,109.088],19.04
,linewidth);
line([108.1,126.9
],[126.9,126.9],19.32
,linewidth);
line([126.9,126.9],[126.9,117.5],19.32
,linewidth);
line([126.9,117.5],[126.9,108.1],19.32
,linewidth);
line([126.9,108.1],[108.1,108.1],19.32
,linewidth);
line([108.1,108.1],[108.1,126.9],19.32
,linewidth);
line([107.7,127.3
],[127.3,127.3],19.32
,linewidth);
line([127.3,127.3],[127.3,117.5],19.32
,linewidth);
line([127.3,117.5],[127.3,107.7],19.32
,linewidth);
line([127.3,107.7],[107.7,107.7],19.32
,linewidth);
line([107.7,107.7],[107.7,127.3],19.32
,linewidth);
line([109.141,126.82
],[114.136,108.178],19.32
,linewidth);
line([112.336,108.179
],[108.179,109.293],19.32
,linewidth);
line([108.179,111.487
],[123.511,126.819],19.32
,linewidth);
line([125.705,126.82
],[126.819,122.663],19.32
,linewidth);
line([126.818,120.863
],[108.179,125.857],19.32
,linewidth);
line([108.179,122.801
],[112.198,126.819],19.32
,linewidth);
line([117.423,126.819
],[122.418,108.178],19.32
,linewidth);
line([126.819,112.58
],[108.179,117.575],19.32
,linewidth);
line([116.186,108.18
],[126.819,118.813],19.32
,linewidth);
line([108.1,126.9
],[126.9,126.9],19.6
,linewidth);
line([126.9,126.9],[126.9,117.5],19.6
,linewidth);
line([126.9,117.5],[126.9,108.1],19.6
,linewidth);
line([126.9,108.1],[108.1,108.1],19.6
,linewidth);
line([108.1,108.1],[108.1,126.9],19.6
,linewidth);
line([107.7,127.3
],[127.3,127.3],19.6
,linewidth);
line([127.3,127.3],[127.3,117.5],19.6
,linewidth);
line([127.3,117.5],[127.3,107.7],19.6
,linewidth);
line([127.3,107.7],[107.7,107.7],19.6
,linewidth);
line([107.7,107.7],[107.7,127.3],19.6
,linewidth);
line([108.46,126.54
],[126.54,126.54],19.6
,linewidth);
line([126.54,126.54],[126.54,117.5],19.6
,linewidth);
line([126.54,117.5],[126.54,108.46],19.6
,linewidth);
line([126.54,108.46],[108.46,108.46],19.6
,linewidth);
line([108.46,108.46],[108.46,126.54],19.6
,linewidth);
line([108.66,109.128
],[109.129,108.659],19.6
,linewidth);
line([109.694,108.659
],[108.66,109.694],19.6
,linewidth);
line([108.66,110.259
],[110.26,108.659],19.6
,linewidth);
line([110.826,108.659
],[108.66,110.825],19.6
,linewidth);
line([108.66,111.391
],[111.391,108.659],19.6
,linewidth);
line([111.957,108.659
],[108.66,111.956],19.6
,linewidth);
line([108.66,112.522
],[112.523,108.659],19.6
,linewidth);
line([113.089,108.659
],[108.66,113.088],19.6
,linewidth);
line([108.66,113.653
],[113.654,108.659],19.6
,linewidth);
line([114.22,108.659
],[108.66,114.219],19.6
,linewidth);
line([108.66,114.785
],[114.786,108.659],19.6
,linewidth);
line([115.351,108.659
],[108.66,115.351],19.6
,linewidth);
line([108.66,115.916
],[115.917,108.659],19.6
,linewidth);
line([116.483,108.659
],[108.66,116.482],19.6
,linewidth);
line([108.66,117.048
],[117.048,108.659],19.6
,linewidth);
line([117.614,108.659
],[108.66,117.613],19.6
,linewidth);
line([108.66,118.179
],[118.18,108.659],19.6
,linewidth);
line([118.745,108.659
],[108.66,118.745],19.6
,linewidth);
line([108.66,119.31
],[119.311,108.659],19.6
,linewidth);
line([119.877,108.659
],[108.66,119.876],19.6
,linewidth);
line([108.66,120.442
],[120.442,108.659],19.6
,linewidth);
line([121.008,108.659
],[108.66,121.007],19.6
,linewidth);
line([108.66,121.573
],[121.574,108.659],19.6
,linewidth);
line([122.139,108.659
],[108.66,122.139],19.6
,linewidth);
line([108.66,122.704
],[122.705,108.659],19.6
,linewidth);
line([123.271,108.659
],[108.66,123.27],19.6
,linewidth);
line([108.66,123.836
],[123.837,108.659],19.6
,linewidth);
line([124.402,108.659
],[108.66,124.402],19.6
,linewidth);
line([108.66,124.967
],[124.968,108.659],19.6
,linewidth);
line([125.534,108.659
],[108.66,125.533],19.6
,linewidth);
line([108.66,126.099
],[126.099,108.659],19.6
,linewidth);
line([126.339,108.985
],[108.985,126.339],19.6
,linewidth);
line([109.551,126.339
],[126.339,109.551],19.6
,linewidth);
line([126.339,110.117
],[110.117,126.339],19.6
,linewidth);
line([110.682,126.339
],[126.339,110.682],19.6
,linewidth);
line([126.339,111.248
],[111.248,126.339],19.6
,linewidth);
line([111.814,126.339
],[126.339,111.814],19.6
,linewidth);
line([126.339,112.379
],[112.379,126.339],19.6
,linewidth);
line([112.945,126.339
],[126.339,112.945],19.6
,linewidth);
line([126.339,113.511
],[113.511,126.339],19.6
,linewidth);
line([114.076,126.339
],[126.339,114.076],19.6
,linewidth);
line([126.339,114.642
],[114.642,126.339],19.6
,linewidth);
line([115.208,126.339
],[126.339,115.208],19.6
,linewidth);
line([126.339,115.773
],[115.773,126.339],19.6
,linewidth);
line([116.339,126.339
],[126.339,116.339],19.6
,linewidth);
line([126.339,116.905
],[116.905,126.339],19.6
,linewidth);
line([117.47,126.339
],[126.339,117.47],19.6
,linewidth);
line([126.339,118.036
],[118.036,126.339],19.6
,linewidth);
line([118.602,126.339
],[126.339,118.602],19.6
,linewidth);
line([126.339,119.167
],[119.167,126.339],19.6
,linewidth);
line([119.733,126.339
],[126.339,119.733],19.6
,linewidth);
line([126.339,120.299
],[120.299,126.339],19.6
,linewidth);
line([120.865,126.339
],[126.339,120.865],19.6
,linewidth);
line([126.339,121.43
],[121.43,126.339],19.6
,linewidth);
line([121.996,126.339
],[126.339,121.996],19.6
,linewidth);
line([126.339,122.562
],[122.562,126.339],19.6
,linewidth);
line([123.127,126.339
],[126.339,123.127],19.6
,linewidth);
line([126.339,123.693
],[123.693,126.339],19.6
,linewidth);
line([124.259,126.339
],[126.339,124.259],19.6
,linewidth);
line([126.339,124.824
],[124.824,126.339],19.6
,linewidth);
line([125.39,126.339
],[126.339,125.39],19.6
,linewidth);
line([126.339,125.956
],[125.956,126.339],19.6
,linewidth);
line([108.1,126.9
],[126.9,126.9],19.88
,linewidth);
line([126.9,126.9],[126.9,117.5],19.88
,linewidth);
line([126.9,117.5],[126.9,108.1],19.88
,linewidth);
line([126.9,108.1],[108.1,108.1],19.88
,linewidth);
line([108.1,108.1],[108.1,126.9],19.88
,linewidth);
line([107.7,127.3
],[127.3,127.3],19.88
,linewidth);
line([127.3,127.3],[127.3,117.5],19.88
,linewidth);
line([127.3,117.5],[127.3,107.7],19.88
,linewidth);
line([127.3,107.7],[107.7,107.7],19.88
,linewidth);
line([107.7,107.7],[107.7,127.3],19.88
,linewidth);
line([108.46,126.54
],[126.54,126.54],19.88
,linewidth);
line([126.54,126.54],[126.54,117.5],19.88
,linewidth);
line([126.54,117.5],[126.54,108.46],19.88
,linewidth);
line([126.54,108.46],[108.46,108.46],19.88
,linewidth);
line([108.46,108.46],[108.46,126.54],19.88
,linewidth);
line([108.803,126.339
],[108.659,126.195],19.88
,linewidth);
line([108.659,125.63
],[109.368,126.339],19.88
,linewidth);
line([109.934,126.339
],[108.659,125.064],19.88
,linewidth);
line([108.659,124.498
],[110.5,126.339],19.88
,linewidth);
line([111.065,126.339
],[108.659,123.933],19.88
,linewidth);
line([108.659,123.367
],[111.631,126.339],19.88
,linewidth);
line([112.197,126.339
],[108.659,122.801],19.88
,linewidth);
line([108.659,122.236
],[112.763,126.339],19.88
,linewidth);
line([113.328,126.339
],[108.659,121.67],19.88
,linewidth);
line([108.659,121.104
],[113.894,126.339],19.88
,linewidth);
line([114.46,126.339
],[108.659,120.539],19.88
,linewidth);
line([108.659,119.973
],[115.025,126.339],19.88
,linewidth);
line([115.591,126.339
],[108.659,119.407],19.88
,linewidth);
line([108.659,118.842
],[116.157,126.339],19.88
,linewidth);
line([116.722,126.339
],[108.659,118.276],19.88
,linewidth);
line([108.659,117.71
],[117.288,126.339],19.88
,linewidth);
line([117.854,126.339
],[108.659,117.144],19.88
,linewidth);
line([108.659,116.579
],[118.419,126.339],19.88
,linewidth);
line([118.985,126.339
],[108.659,116.013],19.88
,linewidth);
line([108.659,115.447
],[119.551,126.339],19.88
,linewidth);
line([120.116,126.339
],[108.659,114.882],19.88
,linewidth);
line([108.659,114.316
],[120.682,126.339],19.88
,linewidth);
line([121.248,126.339
],[108.659,113.75],19.88
,linewidth);
line([108.659,113.185
],[121.813,126.339],19.88
,linewidth);
line([122.379,126.339
],[108.659,112.619],19.88
,linewidth);
line([108.659,112.053
],[122.945,126.339],19.88
,linewidth);
line([123.511,126.339
],[108.659,111.488],19.88
,linewidth);
line([108.659,110.922
],[124.076,126.339],19.88
,linewidth);
line([124.642,126.339
],[108.659,110.356],19.88
,linewidth);
line([108.659,109.791
],[125.208,126.339],19.88
,linewidth);
line([125.773,126.339
],[108.659,109.225],19.88
,linewidth);
line([108.659,108.659
],[126.339,126.339],19.88
,linewidth);
line([126.339,125.773
],[109.226,108.66],19.88
,linewidth);
line([109.791,108.66
],[126.339,125.208],19.88
,linewidth);
line([126.339,124.642
],[110.357,108.66],19.88
,linewidth);
line([110.923,108.66
],[126.339,124.076],19.88
,linewidth);
line([126.339,123.511
],[111.488,108.66],19.88
,linewidth);
line([112.054,108.66
],[126.339,122.945],19.88
,linewidth);
line([126.339,122.379
],[112.62,108.66],19.88
,linewidth);
line([113.185,108.66
],[126.339,121.813],19.88
,linewidth);
line([126.339,121.248
],[113.751,108.66],19.88
,linewidth);
line([114.317,108.66
],[126.339,120.682],19.88
,linewidth);
line([126.339,120.116
],[114.882,108.66],19.88
,linewidth);
line([115.448,108.66
],[126.339,119.551],19.88
,linewidth);
line([126.339,118.985
],[116.014,108.66],19.88
,linewidth);
line([116.579,108.66
],[126.339,118.419],19.88
,linewidth);
line([126.339,117.854
],[117.145,108.66],19.88
,linewidth);
line([117.711,108.66
],[126.339,117.288],19.88
,linewidth);
line([126.339,116.722
],[118.277,108.66],19.88
,linewidth);
line([118.842,108.66
],[126.339,116.157],19.88
,linewidth);
line([126.339,115.591
],[119.408,108.66],19.88
,linewidth);
line([119.974,108.66
],[126.339,115.025],19.88
,linewidth);
line([126.339,114.46
],[120.539,108.66],19.88
,linewidth);
line([121.105,108.66
],[126.339,113.894],19.88
,linewidth);
line([126.339,113.328
],[121.671,108.66],19.88
,linewidth);
line([122.236,108.66
],[126.339,112.763],19.88
,linewidth);
line([126.339,112.197
],[122.802,108.66],19.88
,linewidth);
line([123.368,108.66
],[126.339,111.631],19.88
,linewidth);
line([126.339,111.065
],[123.933,108.66],19.88
,linewidth);
line([124.499,108.66
],[126.339,110.5],19.88
,linewidth);
line([126.339,109.934
],[125.065,108.66],19.88
,linewidth);
line([125.63,108.66
],[126.339,109.368],19.88
,linewidth);
line([126.339,108.803
],[126.196,108.66],19.88
,linewidth);
